Found incumbent of value 0.000000 after 0.00 sec. (5.76 ticks)
Probing time = 0.07 sec. (25.87 ticks)
Clique table members: 29.
MIP emphasis: balance optimality and feasibility.
MIP search method: dynamic search.
Parallel mode: deterministic, using up to 8 threads.
Root relaxation solution time = 0.19 sec. (226.33 ticks)

        Nodes                                         Cuts/
   Node  Left     Objective  IInf  Best Integer    Best Bound    ItCnt     Gap

*     0+    0                            0.0000    61896.0000        0     --- 
      0     0    61740.3897  1237        0.0000    61740.3897        0     --- 
      0     0    61314.2642  2660        0.0000    Cuts: 8118     7204     --- 
      0     0    61110.5205  2945        0.0000    Cuts: 5515    10890     --- 
*     0+    0                        56599.0000    61110.5205    12890    7.97%
      0     0    61018.9341  3104    56599.0000    Cuts: 2241    12890    7.81%
      0     0    60982.0799  3027    56599.0000    Cuts: 2470    14114    7.74%
      0     0    60956.3428  3302    56599.0000     Cuts: 805    15055    7.70%
      0     0    60941.5615  3687    56599.0000     Cuts: 541    15775    7.67%
      0     0    60933.0543  3351    56599.0000    Cuts: 1219    16152    7.66%
      0     0    60926.5420  3478    56599.0000     Cuts: 583    16434    7.65%
      0     0    60921.0362  3705    56599.0000     Cuts: 211    16742    7.64%
      0     0    60916.8929  3437    56599.0000     Cuts: 219    16965    7.63%
      0     0    60912.9749  3754    56599.0000     Cuts: 679    17232    7.62%
      0     0    60909.6866  3722    56599.0000     Cuts: 273    17471    7.62%
      0     0    60907.1298  3732    56599.0000     Cuts: 203    17677    7.61%
*     0+    0                        58081.0000    60907.1298    17677    4.87%
      0     2    60907.1298  3717    58081.0000    60907.1298    17677    4.87%
Elapsed time = 105.39 sec. (80250.86 ticks, tree = 0.01 MB, solutions = 3)
      1     3    60888.1999  3673    58081.0000    60907.1298    19132    4.87%
      3     5    60887.1999  3673    58081.0000    60906.6298    20376    4.86%
      7     9    60871.6380  3508    58081.0000    60906.6298    22701    4.86%
      9    11    60885.8203  3670    58081.0000    60906.1298    24784    4.86%
     12    14    60886.0316  3674    58081.0000    60906.1298    26080    4.86%
     17    19    60882.0883  3670    58081.0000    60906.1298    27436    4.86%
     19    21    60872.6453  3796    58081.0000    60905.3997    29075    4.86%
     27    29    60903.8894  3763    58081.0000    60905.3997    35689    4.86%
     28    30    60849.0312  3453    58081.0000    60905.3997    36598    4.86%
     43    45    60903.3894  3762    58081.0000    60905.3997    41138    4.86%
Elapsed time = 159.39 sec. (96699.10 ticks, tree = 1.69 MB, solutions = 3)
     76    78    60870.6277  3823    58081.0000    60903.2857    49600    4.86%
     87    89    60772.0827  3624    58081.0000    60903.2857    54680    4.86%
    108   110    60868.6277  3828    58081.0000    60903.2857    61903    4.86%
    133   135    60744.8591  3443    58081.0000    60903.2857    74732    4.86%
    157   159    60833.8170  3481    58081.0000    60902.2857    83678    4.86%
    161   163    60831.9148  3410    58081.0000    60902.2857    85536    4.86%
    177   179    60820.5328  3364    58081.0000    60902.2857    95770    4.86%
    185   187    60818.8942  3240    58081.0000    60902.2857   100270    4.86%
    187   189    60900.8894  3758    58081.0000    60902.2857   101489    4.86%
    242   244    60865.6277  3826    58081.0000    60900.5354   118375    4.85%
Elapsed time = 281.55 sec. (118656.69 ticks, tree = 12.37 MB, solutions = 3)
    246   248    60814.0804  3298    58081.0000    60900.5354   119077    4.85%
    258   260    60864.6277  3829    58081.0000    60900.5354   124283    4.85%
    274   276    60862.6277  3822    58081.0000    60900.5354   129889    4.85%
    290   292    60861.6277  3823    58081.0000    60900.5354   136290    4.85%
    353   355    60837.5553  3314    58081.0000    60898.7857   155572    4.85%
    356   358    60711.5172  3493    58081.0000    60898.7857   160507    4.85%
    364   366    60703.0430  3310    58081.0000    60898.7857   165822    4.85%
    368   370    60805.5499  3240    58081.0000    60898.7857   166115    4.85%
    376   378    60797.4348  3199    58081.0000    60898.7857   172218    4.85%
    392   394    60795.4348  3201    58081.0000    60898.7857   180470    4.85%
Elapsed time = 392.00 sec. (138116.78 ticks, tree = 15.33 MB, solutions = 3)
    408   410    60794.4348  3199    58081.0000    60898.7857   188748    4.85%
    443   445    60896.3894  3750    58081.0000    60896.8570   206323    4.85%
    445   447    60697.0430  3306    58081.0000    60896.8570   207596    4.85%
    454   456    60831.9921  3329    58081.0000    60896.8570   212162    4.85%
    461   463    60695.0430  3307    58081.0000    60896.8570   215490    4.85%
    467   469    60855.6277  3824    58081.0000    60896.8570   221625    4.85%
    475   477    60895.3894  3748    58081.0000    60896.8570   226403    4.85%
    483   485    60854.6277  3823    58081.0000    60896.8570   230740    4.85%
    544   546    60853.6277  3829    58081.0000    60895.2857   254194    4.85%
    547   549    60839.7849  3426    58081.0000    60895.2857   255948    4.85%
Elapsed time = 521.22 sec. (160635.54 ticks, tree = 17.41 MB, solutions = 3)
    571   573    60828.9837  3216    58081.0000    60895.2857   268837    4.85%
*   577+  577                        58569.0000    60895.2857   270842    3.97%
    592   594    60850.6277  3825    58569.0000    60895.2857   278044    3.97%
    600   602    60892.8894  3742    58569.0000    60895.2857   282471    3.97%
    640   642    60772.8181  3200    58569.0000    60895.2857   301974    3.97%
*   651+  651                        58668.0000    60895.2857   307658    3.80%
    654   656    60681.0430  3305    58668.0000    60895.2857   310507    3.80%
    676   678    60849.6277  3826    58668.0000    60892.8894   321194    3.79%
    690   692    60779.4348  3199    58668.0000    60892.8894   327170    3.79%
    695   697    60818.3253  3208    58668.0000    60892.8894   328662    3.79%
    730   732    60776.4348  3200    58668.0000    60892.8894   343561    3.79%
    737   739    60768.8181  3199    58668.0000    60892.8894   347703    3.79%
Elapsed time = 638.27 sec. (181637.70 ticks, tree = 19.59 MB, solutions = 5)
    753   755    60767.8181  3202    58668.0000    60892.8894   355453    3.79%
    769   771    60765.8181  3200    58668.0000    60892.8894   363227    3.79%
    785   787    60764.8181  3199    58668.0000    60892.8894   370404    3.79%
    870   872    60769.7931  2888    58668.0000    60891.5310   406636    3.79%
    876   878    60766.2573  2880    58668.0000    60891.5310   407922    3.79%
    882   884    60762.8181  3199    58668.0000    60891.5310   413318    3.79%
    895   897    60668.0430  3307    58668.0000    60891.5310   419228    3.79%
    911   913    60667.0430  3307    58668.0000    60891.5310   427616    3.79%
    915   917    60766.4348  3201    58668.0000    60891.5310   430190    3.79%
    931   933    60765.4348  3200    58668.0000    60891.5310   438959    3.79%
Elapsed time = 736.62 sec. (199826.63 ticks, tree = 24.27 MB, solutions = 5)
    947   949    60764.4348  3202    58668.0000    60891.5310   447603    3.79%
    963   965    60763.4348  3198    58668.0000    60891.5310   456414    3.79%
    979   981    60762.4348  3198    58668.0000    60891.5310   464976    3.79%
    986   988    60754.8181  3199    58668.0000    60891.5310   467158    3.79%
   1002  1004    60753.8181  3198    58668.0000    60891.5310   475296    3.79%
   1082  1084    60827.4059  3170    58668.0000    60891.5310   504592    3.79%
   1084  1086    60657.0430  3309    58668.0000    60891.5310   507068    3.79%
   1097  1099    60747.2662  2638    58668.0000    60891.5310   513449    3.79%
   1099  1101    60740.3496  2909    58668.0000    60891.5310   515152    3.79%
   1115  1117    60738.3496  2911    58668.0000    60891.5310   523304    3.79%
Elapsed time = 835.96 sec. (217496.98 ticks, tree = 29.89 MB, solutions = 5)
   1127  1129    60774.0038  3351    58668.0000    60891.5310   530014    3.79%
   1132  1134    60654.0430  3309    58668.0000    60891.5310   533957    3.79%
   1148  1150    60653.0430  3309    58668.0000    60891.5310   543426    3.79%
   1164  1166    60652.0430  3309    58668.0000    60891.5310   551694    3.79%
   1180  1182    60651.0430  3309    58668.0000    60891.5310   560406    3.79%
   1196  1198    60650.0430  3306    58668.0000    60891.5310   569106    3.79%
   1212  1214    60649.0430  3307    58668.0000    60891.5310   577924    3.79%
   1279  1281    60700.1027  2642    58668.0000    60891.5310   607911    3.79%
   1302  1304    60674.3161  2954    58668.0000    60891.5310   615747    3.79%
   1310  1312    60658.7142  3011    58668.0000    60891.5310   619995    3.79%
Elapsed time = 943.06 sec. (236706.89 ticks, tree = 33.58 MB, solutions = 5)
   1324  1326    60646.0430  3306    58668.0000    60891.5310   627812    3.79%
   1327  1329    60739.8181  3198    58668.0000    60891.5310   630234    3.79%
   1340  1342    60644.0430  3306    58668.0000    60891.5310   637522    3.79%
   1343  1345    60738.8181  3202    58668.0000    60891.5310   639812    3.79%
   1359  1361    60737.8181  3200    58668.0000    60891.5310   649052    3.79%
   1375  1377    60736.8181  3199    58668.0000    60891.5310   662145    3.79%
   1385  1387    60728.8107  2588    58668.0000    60891.5310   667171    3.79%
   1401  1403    60727.7499  2563    58668.0000    60891.5310   676893    3.79%
   1423  1425    60733.8181  3199    58668.0000    60891.5310   689074    3.79%
   1439  1441    60731.8181  3199    58668.0000    60891.5310   699059    3.79%
Elapsed time = 1073.35 sec. (256489.97 ticks, tree = 33.96 MB, solutions = 5)
   1455  1457    60730.8181  3199    58668.0000    60891.5310   707832    3.79%
*  1513+ 1513                        59506.0000    60891.5310   736309    2.33%
   1523  1525    60774.9165  3087    59506.0000    60891.5310   740927    2.33%
   1533  1535    60634.0430  3307    59506.0000    60891.5310   743547    2.33%
   1549  1551    60633.0430  3307    59506.0000    60891.5310   753044    2.33%
   1565  1567    60632.0430  3307    59506.0000    60891.5310   762840    2.33%
   1580  1582    60663.3504  2903    59506.0000    60891.5310   770950    2.33%
   1584  1586    60725.8181  3199    59506.0000    60891.5310   775692    2.33%
   1596  1598    60662.2758  2875    59506.0000    60891.5310   780668    2.33%
   1600  1602    60724.8181  3199    59506.0000    60891.5310   784825    2.33%
   1617  1619    60730.4348  3202    59506.0000    60891.5310   796248    2.33%
Elapsed time = 1183.65 sec. (277403.55 ticks, tree = 38.36 MB, solutions = 6)
   1649  1651    60728.4348  3203    59506.0000    60891.5310   815333    2.33%
*  1662+ 1662                        59799.0000    60891.5310   821932    1.83%
   1681  1683    60726.4348  3201    59799.0000    60891.5310   835068    1.83%
   1781  1783    60770.2126  3263    59799.0000    60891.5310   891779    1.83%
   1807  1809    60620.0430  3307    59799.0000    60891.5310   902903    1.83%
   1839  1841    60618.0430  3307    59799.0000    60891.5310   923367    1.83%
   1858  1860    60711.8181  3196    59799.0000    60891.5310   938254    1.83%
   1887  1889    60612.0430  3306    59799.0000    60891.5310   955369    1.83%
   1906  1908    60708.8181  3195    59799.0000    60891.5310   970473    1.83%
   1938  1940    60706.8181  3199    59799.0000    60891.5310   992544    1.83%
   1970  1972    60704.8181  3199    59799.0000    60891.5310  1013219    1.83%
Elapsed time = 1461.77 sec. (322206.40 ticks, tree = 43.79 MB, solutions = 7)
   2048  2050    60726.9165  3088    59799.0000    60891.5310  1050375    1.83%
   2080  2082    60724.9165  3087    59799.0000    60891.5310  1070672    1.83%
   2117  2119    60695.8181  3199    59799.0000    60891.5310  1097216    1.83%
   2149  2151    60693.8181  3199    59799.0000    60891.5310  1118048    1.83%
   2192  2194    60715.9165  3091    59799.0000    60891.5310  1135806    1.83%
   2224  2226    60713.9165  3088    59799.0000    60891.5310  1149019    1.83%
   2256  2258    60711.9165  3086    59799.0000    60891.5310  1162460    1.83%
   2288  2290    60708.9165  3088    59799.0000    60891.5310  1178028    1.83%
   2320  2322    60706.9165  3086    59799.0000    60891.5310  1194420    1.83%
   2476  2478    60531.8410  3294    59799.0000    60891.5310  1257738    1.83%
Elapsed time = 1715.76 sec. (368287.68 ticks, tree = 52.60 MB, solutions = 7)
   2515  2517    60556.0117  3426    59799.0000    60891.5310  1279308    1.83%
   2540  2542    60545.9383  3147    59799.0000    60891.5310  1296112    1.83%
   2572  2574    60529.4040  3371    59799.0000    60891.5310  1312121    1.83%
   2596  2598    60562.8556  2850    59799.0000    60891.5310  1326002    1.83%
   2636  2638    60549.8774  3214    59799.0000    60891.5310  1343310    1.83%
   2668  2670    60546.8369  3201    59799.0000    60891.5310  1360062    1.83%
   2700  2702    60544.8768  3204    59799.0000    60891.5310  1376968    1.83%
   2732  2734    60544.3494  3208    59799.0000    60891.5310  1394490    1.83%
   2933  2935    60724.5844  3015    59799.0000    60891.5310  1491032    1.83%
   2968  2970    60450.1979  3466    59799.0000    60891.5310  1506194    1.83%
Elapsed time = 1994.72 sec. (416722.27 ticks, tree = 62.07 MB, solutions = 7)
   3000  3002    60448.1979  3466    59799.0000    60891.5310  1515222    1.83%
   3042  3044    60589.4460  3249    59799.0000    60891.5310  1538801    1.83%
   3074  3076    60587.4460  3244    59799.0000    60891.5310  1557323    1.83%
   3106  3108    60585.4460  3249    59799.0000    60891.5310  1576114    1.83%
   3138  3140    60583.4460  3244    59799.0000    60891.5310  1599482    1.83%
   3170  3172    60581.4460  3244    59799.0000    60891.5310  1618916    1.83%
   3210  3212    60579.4460  3242    59799.0000    60891.5310  1644843    1.83%
   3242  3244    60577.4460  3241    59799.0000    60891.5310  1664196    1.83%
   3493  3495    60575.4460  3245    59799.0000    60891.5310  1786556    1.83%
   3511  3513    60579.4132  3038    59799.0000    60891.5310  1803145    1.83%
Elapsed time = 2350.43 sec. (476941.63 ticks, tree = 73.86 MB, solutions = 7)
   3543  3545    60608.1485  2815    59799.0000    60891.5310  1822429    1.83%
   3575  3577    60611.3590  2734    59799.0000    60891.5310  1839533    1.83%
   3607  3609    60609.5237  2731    59799.0000    60891.5310  1859078    1.83%
   3647  3649    60622.3432  2471    59799.0000    60891.5310  1873980    1.83%
   3711  3713    60614.3316  2567    59799.0000    60891.5310  1899385    1.83%
   3791  3793    60555.8558  2996    59799.0000    60891.5310  1931436    1.83%
   3807  3809    60553.8558  3000    59799.0000    60891.5310  1940720    1.83%
   3847  3849    60555.2957  2964    59799.0000    60891.5310  1964581    1.83%
   4075  4057    60354.6452  3277    59799.0000    60891.5310  2079784    1.83%
   4159  4105    60569.4636  2835    59799.0000    60891.5310  2112457    1.83%
Elapsed time = 2655.72 sec. (531717.65 ticks, tree = 86.44 MB, solutions = 7)
   4191  4133    60550.4457  2965    59799.0000    60891.5310  2125849    1.83%
   4223  4161    60559.7522  2618    59799.0000    60891.5310  2135377    1.83%
   4242  4178    60128.0544  3838    59799.0000    60891.5310  2150410    1.83%
   4266  4200    60126.0544  3835    59799.0000    60891.5310  2167600    1.83%
   4298  4228    60347.7166  3210    59799.0000    60891.5310  2189791    1.83%
   4338  4262    60345.6221  3207    59799.0000    60891.5310  2217650    1.83%
   4370  4290    60343.6221  3204    59799.0000    60891.5310  2238559    1.83%
   4402  4318    60341.6221  3203    59799.0000    60891.5310  2261809    1.83%
   4434  4346    60339.6221  3205    59799.0000    60891.5310  2281721    1.83%
*  4769+ 4618                        60047.0000    60891.5310  2470284    1.41%
   4806  4657    60189.8513  3176    60047.0000    60891.5310  2492882    1.41%
Elapsed time = 3039.37 sec. (601032.50 ticks, tree = 94.50 MB, solutions = 8)
   4850  4701    60463.4276  3042    60047.0000    60891.5310  2519178    1.41%
   4874  4725    60462.1387  3037    60047.0000    60891.5310  2533099    1.41%
   4890  4741    60461.1387  3034    60047.0000    60891.5310  2547946    1.41%
   4922  4773    60537.2795  2541    60047.0000    60891.5310  2569460    1.41%
   4954  4805    60456.7187  2941    60047.0000    60891.5310  2592429    1.41%
   4970  4821    60455.7187  2947    60047.0000    60891.5310  2602495    1.41%
   4994  4845    60536.2912  2512    60047.0000    60891.5310  2616919    1.41%
   5018  4869    60517.2052  2684    60047.0000    60891.5310  2629978    1.41%
   5066  4917    60514.2052  2681    60047.0000    60891.5310  2657671    1.41%
   5114  4965    60511.2052  2681    60047.0000    60891.5310  2687989    1.41%
Elapsed time = 3320.29 sec. (647901.60 ticks, tree = 95.46 MB, solutions = 7)
   5148  4999    60330.8540  2952    60047.0000    60891.5310  2705774    1.41%
   5180  5031    60328.8540  2955    60047.0000    60891.5310  2724543    1.41%
   5212  5063    60326.8540  2954    60047.0000    60891.5310  2743352    1.41%
   5244  5095    60324.8540  2956    60047.0000    60891.5310  2759672    1.41%
   5276  5127    60322.8540  2952    60047.0000    60891.5310  2779226    1.41%
*  5281+ 5130                        60057.0000    60891.5310  2782420    1.39%
*  5395+ 5242                        60183.0000    60891.5310  2837161    1.18%
   5806  5214    60787.2854  2901    60183.0000    60891.5310  2927413    1.18%
   5842  5250    60303.3037  3081    60183.0000    60891.5310  2941955    1.18%
   5898  5306    60339.5093  2889    60183.0000    60891.5310  2970588    1.18%
   5932  5340    60728.8273  3242    60183.0000    60891.5310  2985488    1.18%
   5976  5384    60503.3646  2399    60183.0000    60891.5310  3003011    1.18%
Elapsed time = 3596.36 sec. (696546.85 ticks, tree = 104.35 MB, solutions = 10)
   6058  5466    60590.2814  2341    60183.0000    60891.5310  3035864    1.18%

Clique cuts applied:  1
Cover cuts applied:  6128
Implied bound cuts applied:  79
Zero-half cuts applied:  258
Gomory fractional cuts applied:  2

Root node processing (before b&c):
  Real time             =  105.21 sec. (80142.13 ticks)
Parallel b&c, 8 threads:
  Real time             = 3497.85 sec. (621325.53 ticks)
  Sync time (average)   =    0.02 sec.
  Wait time (average)   =    0.00 sec.
                          ------------
Total (root+branch&cut) = 3603.06 sec. (701467.66 ticks)

 ===================================================== 
 Model has 61897 rows and 61980 columns
 Objective   :         60183.0000
 UB          :         61740.3897
 LP gap      :             2.5878 (%)
 Status      :           Feasible
 GAP         :             1.1771 (%)
 Time        :           27404.05
 Iterations  :            3040691
 # B&B nodes :               6060
 # nodes left:               5467

 Solution includes 25 access points 
 ===================================================== 
solution:	0 3 6 8 10 17 18 21 22 25 26 30 33 42 47 50 54 55 63 65 66 71 72 80 82 
 ===================================================== 
coverage:	60183

 ===================================================== 
