Found incumbent of value 0.000000 after 0.00 sec. (1.16 ticks)
Probing time = 0.01 sec. (7.77 ticks)
Clique table members: 2473.
MIP emphasis: balance optimality and feasibility.
MIP search method: dynamic search.
Parallel mode: deterministic, using up to 8 threads.
Root relaxation solution time = 0.15 sec. (215.29 ticks)

        Nodes                                         Cuts/
   Node  Left     Objective  IInf  Best Integer    Best Bound    ItCnt     Gap

*     0+    0                            0.0000    13578.0000      855     --- 
*     0+    0                        10806.0000    13578.0000      855   25.65%
      0     0    13064.0694   818    10806.0000    13064.0694      855   20.90%
*     0+    0                        11463.0000    13064.0694      855   13.97%
*     0+    0                        12099.0000    13064.0694     2516    7.98%
      0     0    12897.5192  1185    12099.0000    Cuts: 3134     2516    6.60%
      0     0    12817.5374  1153    12099.0000    Cuts: 3275     3814    5.94%
*     0+    0                        12282.0000    12817.5374     3814    4.36%
      0     0    12751.2100  1280    12282.0000    Cuts: 1839     5284    3.82%
*     0+    0                        12478.0000    12751.2100     5284    2.19%
      0     0    12727.0549  1866    12478.0000    Cuts: 1463     6213    2.00%
      0     0    12711.8106  1932    12478.0000    Cuts: 1305     6840    1.87%
      0     0    12705.2111  1935    12478.0000     Cuts: 824     7109    1.82%
      0     0    12700.3820  1849    12478.0000     Cuts: 612     7316    1.78%
      0     0    12697.4193  1832    12478.0000     Cuts: 522     7489    1.76%
      0     0    12694.0486  1813    12478.0000     Cuts: 544     7663    1.73%
      0     0    12691.5416  1804    12478.0000     Cuts: 520     7787    1.71%
      0     0    12688.7298  1803    12478.0000     Cuts: 537     7978    1.69%
      0     0    12685.4651  1815    12478.0000     Cuts: 532     8137    1.66%
      0     0    12683.0267  1848    12478.0000     Cuts: 241     8279    1.64%
      0     0    12681.8484  1843    12478.0000     Cuts: 279     8374    1.63%
      0     0    12680.2815  1840    12478.0000     Cuts: 229     8461    1.62%
      0     2    12680.2815  1834    12478.0000    12680.2815     8461    1.62%
Elapsed time = 9.56 sec. (10625.14 ticks, tree = 0.01 MB, solutions = 6)
      1     3    12679.7719  1823    12478.0000    12680.2815     8504    1.62%
      2     4    12670.7248  1874    12478.0000    12680.2815     9007    1.62%
      3     5    12670.1607  1879    12478.0000    12679.7564     9032    1.62%
      5     7    12669.7248  1872    12478.0000    12679.7564     9358    1.62%
      6     8    12650.9586  1882    12478.0000    12679.7564    10191    1.62%
      8    10    12669.0897  1866    12478.0000    12679.7564    10289    1.62%
      9    11    12640.3965  1432    12478.0000    12679.7564    11066    1.62%
     10    12    12649.7544  1877    12478.0000    12678.7202    11217    1.61%
     13    15    12613.5199  1738    12478.0000    12678.7202    12339    1.61%
     16    18    12642.2603  1613    12478.0000    12678.6202    13566    1.61%
Elapsed time = 25.71 sec. (22353.29 ticks, tree = 0.02 MB, solutions = 6)
     22    24    12640.3334  1685    12478.0000    12678.1177    16636    1.60%
*    28+   28                        12481.0000    12678.1177    17502    1.58%
     28    30    12623.0589  1550    12481.0000    12678.1177    17502    1.58%
*    29+   29                        12491.0000    12678.1177    17517    1.50%
     30    32    12575.0724  1603    12491.0000    12678.1177    18890    1.50%
     38    40    12574.4475  1602    12491.0000    12678.1177    25699    1.50%
     46    48    12565.8908  1633    12491.0000    12678.1177    37409    1.50%
     55    57    12627.3846  1763    12491.0000    12678.1177    41468    1.50%
     74    76    12532.6186  1773    12491.0000    12678.1177    50261    1.50%
    159   154    12633.4302  1707    12491.0000    12678.1177    68317    1.50%
    169   164    12599.3654  1825    12491.0000    12678.1177    72265    1.50%
    270   261    12544.0671  1564    12491.0000    12678.1177    88350    1.50%
Elapsed time = 68.43 sec. (37337.82 ticks, tree = 0.94 MB, solutions = 8)
    307   298    12604.6399  1843    12491.0000    12678.1177    95297    1.50%
    364   353    12573.6837  1671    12491.0000    12678.1177   102341    1.50%
    436   409    12572.6837  1670    12491.0000    12678.1177   112528    1.50%
    492   461    12633.7300  1403    12491.0000    12678.1177   118503    1.50%
    669   533    12643.8061  1616    12491.0000    12678.1177   136438    1.50%
    707   566    12633.5927  1603    12491.0000    12678.1177   143657    1.50%
    751   603    12598.8371  1489    12491.0000    12678.1177   150085    1.50%
    837   673    12608.7153  1749    12491.0000    12678.1177   163652    1.50%
    876   710    12635.1928  1262    12491.0000    12678.1177   169367    1.50%
    900   732    12604.1779  1454    12491.0000    12678.1177   173505    1.50%
Elapsed time = 100.02 sec. (48001.88 ticks, tree = 32.35 MB, solutions = 8)
   1104   899    12541.1995  1134    12491.0000    12678.1177   205131    1.50%
   1150   939    12597.2321  1455    12491.0000    12678.1177   213916    1.50%
   1404  1153    12589.4674  1380    12491.0000    12678.1177   239959    1.50%
   1492  1235    12584.3653  1377    12491.0000    12678.1177   251131    1.50%
   1540  1281    12566.4398  1443    12491.0000    12678.1177   256683    1.50%
   1823  1542    12570.7805  1388    12491.0000    12678.1177   285902    1.50%
   1855  1574    12540.9161  1796    12491.0000    12678.1177   289215    1.50%
   2208  1925    12598.0804  1213    12491.0000    12678.1177   331252    1.50%
   2288  2005    12509.2614  1610    12491.0000    12678.1177   341079    1.50%
   2328  2043    12571.4716  1411    12491.0000    12678.1177   346480    1.50%
Elapsed time = 143.08 sec. (61558.98 ticks, tree = 44.55 MB, solutions = 8)
   2376  2087    12568.4716  1412    12491.0000    12678.1177   352978    1.50%
   2898  2580    12585.3958  1655    12491.0000    12678.1177   393846    1.50%
   3006  2678    12559.5835  1404    12491.0000    12678.1177   404118    1.50%
   3054  2713    12573.5379  1182    12491.0000    12678.1177   408301    1.50%
   3078  2733    12555.5835  1403    12491.0000    12678.1177   411906    1.50%
   3110  2759    12553.5835  1403    12491.0000    12678.1177   415622    1.50%
   3676  3273    12519.5255  1154    12491.0000    12678.1177   464553    1.50%
   3707  3298    12562.5308  1383    12491.0000    12678.1177   469778    1.50%
   3739  3326    12525.1230  1837    12491.0000    12678.1177   473875    1.50%
   3958  3492    12522.9560  1007    12491.0000    12678.1177   498761    1.50%
Elapsed time = 179.36 sec. (72430.17 ticks, tree = 49.89 MB, solutions = 8)
   4209  3694    12545.1128  1178    12491.0000    12675.0041   531647    1.47%
   4232  3717    12594.4306  1513    12491.0000    12675.0041   535884    1.47%
   4326  3803    12524.4889  1312    12491.0000    12675.0041   549335    1.47%
   4422  3885    12524.4313  1521    12491.0000    12675.0041   556748    1.47%
   4502  3955    12530.5717  1282    12491.0000    12675.0041   562874    1.47%
   5214  4576    12594.7369  1781    12491.0000    12672.8103   611621    1.46%
   5258  4616    12608.5538  1650    12491.0000    12672.8103   621813    1.46%
   5367  4718    12519.2851  1195    12491.0000    12672.8103   630633    1.46%
   5400  4746    12614.8216  1844    12491.0000    12672.8103   635044    1.46%
   5424  4769    12587.3531  1816    12491.0000    12672.8103   638771    1.46%
Elapsed time = 218.04 sec. (84093.59 ticks, tree = 54.55 MB, solutions = 8)
   5504  4847    12553.0313  1575    12491.0000    12672.8103   649881    1.46%
   5825  5140    12638.8144  1626    12491.0000    12672.8103   673799    1.46%
   6252  5544    12632.2031  1752    12491.0000    12660.7073   701360    1.36%
   6292  5580    12609.9671  1500    12491.0000    12660.7073   708515    1.36%
   6388  5664    12600.6437  1479    12491.0000    12660.7073   715145    1.36%
   6420  5694    12567.1749  1468    12491.0000    12660.7073   717614    1.36%
   6492  5755    12587.3318  1119    12491.0000    12660.7073   722396    1.36%
   6588  5835    12550.5732  1081    12491.0000    12660.7073   728536    1.36%
   7173  6395    12584.6280  1836    12491.0000    12660.7073   766999    1.36%
   7673  6846    12555.5715  1876    12491.0000    12658.3842   798759    1.34%
Elapsed time = 254.18 sec. (95309.92 ticks, tree = 64.71 MB, solutions = 8)
   7708  6879    12596.3102  1980    12491.0000    12658.3842   806455    1.34%
   7748  6919    12552.3664  1761    12491.0000    12658.3842   811540    1.34%
   7855  7022    12535.3847  1581    12491.0000    12658.3842   823179    1.34%
   8055  7214    12502.8458  1479    12491.0000    12658.3842   840265    1.34%
   8127  7278        cutoff          12491.0000    12658.3842   846931    1.34%
   8263  7386        cutoff          12491.0000    12658.3842   872563    1.34%
   8313  7430    12551.5109  1809    12491.0000    12658.3842   882507    1.34%
   8497  7574    12519.0658  1687    12491.0000    12657.4415   916161    1.33%
   8533  7606    12503.3072  1516    12491.0000    12657.4415   924303    1.33%
   8565  7630    12617.1702  1819    12491.0000    12657.4415   927893    1.33%
Elapsed time = 290.37 sec. (106420.75 ticks, tree = 68.77 MB, solutions = 8)
   8581  7644    12563.5929  1727    12491.0000    12657.4415   930541    1.33%
   8629  7680    12536.2014  1706    12491.0000    12657.4415   936584    1.33%
   8973  7930    12496.5483  1536    12491.0000    12657.4415   980066    1.33%
   9009  7962    12565.0372  1964    12491.0000    12657.4415   986640    1.33%
   9060  8001    12548.9618  1245    12491.0000    12657.4415   995868    1.33%
   9173  8106    12517.9310  1660    12491.0000    12657.4415  1003248    1.33%
   9548  8452    12547.4617  1961    12491.0000    12657.4415  1041695    1.33%
   9569  8459    12493.7128  1828    12491.0000    12655.0175  1050240    1.31%
   9580  8466    12569.7710  2012    12491.0000    12655.0175  1057917    1.31%
   9608  8492    12505.0785  2145    12491.0000    12655.0175  1066628    1.31%
Elapsed time = 330.64 sec. (118072.25 ticks, tree = 71.49 MB, solutions = 8)
   9696  8560    12609.9526  1647    12491.0000    12655.0175  1080905    1.31%
   9712  8576    12555.7318  1754    12491.0000    12655.0175  1083262    1.31%
   9864  8720    12528.2725  1650    12491.0000    12655.0175  1095689    1.31%
  10249  9057    12578.0743  1023    12491.0000    12655.0175  1119731    1.31%
  10264  9064    12568.7710  2012    12491.0000    12655.0175  1122554    1.31%
  10296  9087    12540.3262  1728    12491.0000    12655.0175  1129508    1.31%
  10894  9647    12528.8026  1769    12491.0000    12655.0175  1186544    1.31%
  11009  9758    12540.1155  1944    12491.0000    12653.6804  1200377    1.30%
  11040  9783    12593.6765  1898    12491.0000    12653.6804  1208400    1.30%
  11170  9880    12602.5994  1894    12491.0000    12653.6804  1224857    1.30%
Elapsed time = 386.69 sec. (133910.11 ticks, tree = 79.69 MB, solutions = 8)
  11306  9958    12601.7792  1820    12491.0000    12653.6804  1249320    1.30%
  12154 10690    12599.2435  1899    12491.0000    12651.8582  1349855    1.29%
  12242 10764    12566.4171  1929    12491.0000    12651.8582  1362133    1.29%
  13422 11803    12606.1755  1938    12491.0000    12651.8582  1481851    1.29%
  13505 11876    12556.8044  1928    12491.0000    12650.5297  1505080    1.28%
  13853 12140    12494.7322  1209    12491.0000    12650.5297  1547015    1.28%
  14013 12275        cutoff          12491.0000    12650.5297  1562954    1.28%
  15034 13177    12520.6960   719    12491.0000    12648.5092  1647350    1.26%
  15248 13358    12529.9569  1795    12491.0000    12648.5092  1673130    1.26%
  15516 13603    12543.6883  1829    12491.0000    12648.5092  1699987    1.26%
Elapsed time = 525.72 sec. (175711.26 ticks, tree = 100.31 MB, solutions = 8)
  16112 14052    12549.1243  1616    12491.0000    12646.9294  1793871    1.25%
  16424 14325    12573.0580  2014    12491.0000    12646.9294  1830728    1.25%
  16752 14631    12503.6755  1618    12491.0000    12646.9294  1850517    1.25%
  17456 15210    12582.6977  1620    12491.0000    12644.6730  1935396    1.23%
  17557 15301    12564.9076  1808    12491.0000    12644.6730  1959352    1.23%
  17765 15479        cutoff          12491.0000    12644.6730  1979920    1.23%
  18242 15876    12497.6162  1255    12491.0000    12644.6730  2040556    1.23%
  18539 16125    12535.7513  1913    12491.0000    12642.9169  2098021    1.22%
  18587 16165    12534.9850  1778    12491.0000    12642.9169  2111359    1.22%
  18747 16313    12520.4843  1681    12491.0000    12642.9169  2123785    1.22%
Elapsed time = 673.61 sec. (216750.86 ticks, tree = 119.25 MB, solutions = 8)
  19428 16842    12591.3969  2040    12491.0000    12640.8049  2241599    1.20%
  19528 16906    12596.5531  1503    12491.0000    12640.8049  2268977    1.20%
  19998 17343    12531.4439  2147    12491.0000    12640.8049  2314559    1.20%
  20753 17995    12513.2119  1832    12491.0000    12639.1957  2398996    1.19%
  20802 18026    12567.8763  1871    12491.0000    12639.1957  2418891    1.19%
  20898 18088    12547.5185  2040    12491.0000    12639.1957  2449465    1.19%
  20962 18132    12497.8056  2089    12491.0000    12639.1957  2466240    1.19%
  21836 18855    12574.6795  2125    12491.0000    12637.1077  2575508    1.17%
  21916 18919        cutoff          12491.0000    12637.1077  2592083    1.17%
  22164 19120        cutoff          12491.0000    12637.1077  2620252    1.17%
Elapsed time = 828.16 sec. (260801.81 ticks, tree = 136.07 MB, solutions = 8)
Nodefile size = 6.37 MB (3.29 MB after compression)
  22621 19472    12525.0379  2152    12491.0000    12635.2689  2711570    1.15%
  22689 19516    12529.6713   881    12491.0000    12635.2689  2734728    1.15%
  22717 19538    12570.4658  1861    12491.0000    12635.2689  2743898    1.15%
  22885 19666    12516.5896  1982    12491.0000    12635.2689  2768187    1.15%
  23305 19952    12531.2732  1932    12491.0000    12633.6178  2877364    1.14%
  23377 19995    12512.7776  2028    12491.0000    12633.6178  2914045    1.14%
  23456 20054    12531.6389  1580    12491.0000    12633.6178  2933745    1.14%
  23855 20356    12511.3801  1923    12491.0000    12632.3135  3024724    1.13%
  23895 20382    12504.9563  2167    12491.0000    12632.3135  3049591    1.13%
  23951 20407    12494.3269  2124    12491.0000    12632.3135  3080292    1.13%
Elapsed time = 973.42 sec. (302485.95 ticks, tree = 147.03 MB, solutions = 8)
Nodefile size = 16.72 MB (7.98 MB after compression)
  24015 20449    12494.3126  2093    12491.0000    12632.3135  3106455    1.13%
  24456 20764    12518.8424  2032    12491.0000    12630.6351  3194015    1.12%
  24522 20800    12533.7310   567    12491.0000    12630.6351  3221404    1.12%
  24634 20876        cutoff          12491.0000    12630.6351  3250581    1.12%
  24658 20888    12541.3206  1973    12491.0000    12630.6351  3259855    1.12%
  25129 21176    12536.9119  2195    12491.0000    12628.2765  3366777    1.10%
  25186 21205    12524.4765  1361    12491.0000    12628.2765  3392730    1.10%
  25242 21237    12520.0152  1552    12491.0000    12628.2765  3415433    1.10%
  25332 21299    12544.0481  1967    12491.0000    12628.2765  3436415    1.10%
  25686 21556    12497.9725  1692    12491.0000    12626.8947  3536370    1.09%
Elapsed time = 1122.75 sec. (345411.20 ticks, tree = 171.13 MB, solutions = 8)
Nodefile size = 41.35 MB (21.63 MB after compression)
  25718 21558    12540.1597  1659    12491.0000    12626.8947  3558805    1.09%
  25782 21594    12548.7842  1598    12491.0000    12626.8947  3594599    1.09%
  25854 21644    12559.2557  1825    12491.0000    12626.8947  3621171    1.09%
  25933 21683    12517.2218  2189    12491.0000    12626.8947  3650568    1.09%
  26223 21893    12577.2435  1394    12491.0000    12624.7952  3743268    1.07%
  26322 21972    12582.5590  1518    12491.0000    12624.7952  3774388    1.07%
  26434 22054    12496.2389  1973    12491.0000    12624.7952  3800655    1.07%
  26472 22081    12565.1380  1986    12491.0000    12624.7952  3811830    1.07%
  26942 22436    12542.5471  1643    12491.0000    12623.0631  3927091    1.06%
  26989 22453    12564.7528  2001    12491.0000    12623.0631  3955313    1.06%
Elapsed time = 1277.48 sec. (389228.43 ticks, tree = 177.42 MB, solutions = 8)
Nodefile size = 46.71 MB (24.19 MB after compression)
  27049 22477    12514.5632  1366    12491.0000    12623.0631  3989154    1.06%
  27089 22504    12526.4112  1570    12491.0000    12623.0631  4014129    1.06%
  27359 22659        cutoff          12491.0000    12621.4935  4110029    1.04%
  27398 22664    12521.8805  2105    12491.0000    12621.4935  4139301    1.04%
  27459 22691    12512.9439  2347    12491.0000    12621.4935  4172778    1.04%
  27533 22733    12538.3453  1612    12491.0000    12621.4935  4200076    1.04%
  27589 22773    12539.2846  1638    12491.0000    12621.4935  4219423    1.04%
  27906 22964    12520.0535  2181    12491.0000    12619.4775  4308576    1.03%
  27938 22974    12512.3102  1554    12491.0000    12619.4775  4332365    1.03%
  28006 23012    12527.8668   774    12491.0000    12619.4775  4361707    1.03%
Elapsed time = 1434.64 sec. (432164.60 ticks, tree = 179.95 MB, solutions = 8)
Nodefile size = 50.32 MB (25.92 MB after compression)
  28132 23100        cutoff          12491.0000    12619.4775  4399729    1.03%
  28251 23181    12537.3551  1852    12491.0000    12619.4775  4434450    1.03%
  28541 23388    12539.6197  1917    12491.0000    12617.7516  4512289    1.01%
  28636 23453    12526.1201  1511    12491.0000    12617.7516  4543325    1.01%
  28808 23581    12536.0257  1598    12491.0000    12617.7516  4564375    1.01%
  28907 23654    12502.1122  2072    12491.0000    12617.7516  4577136    1.01%
  29070 23733    12543.7158  1904    12491.0000    12617.7516  4630192    1.01%
  29375 23965    12513.6579  1895    12491.0000    12617.7516  4694833    1.01%
  29496 24035    12544.3033  2147    12491.0000    12615.9724  4735479    1.00%
  29544 24063    12539.7135  1446    12491.0000    12615.9724  4759536    1.00%
Elapsed time = 1597.09 sec. (475587.17 ticks, tree = 186.46 MB, solutions = 8)
Nodefile size = 56.96 MB (28.47 MB after compression)
  29608 24087    12517.4470  2091    12491.0000    12615.9724  4788864    1.00%
  29672 24121    12494.1291  2184    12491.0000    12615.9724  4813212    1.00%
  30157 24402    12516.3810  1882    12491.0000    12613.7259  4947753    0.98%
  30206 24431    12509.9953  1965    12491.0000    12613.7259  4969888    0.98%
  30240 24435    12499.0189  2139    12491.0000    12613.7259  4983857    0.98%
  30304 24473    12494.0302  1076    12491.0000    12613.7259  5014577    0.98%
  30358 24504    12508.8339  2008    12491.0000    12613.7259  5030427    0.98%
  30677 24677    12493.8438  2079    12491.0000    12612.2485  5143846    0.97%
  30710 24676    12508.3301  1068    12491.0000    12612.2485  5168303    0.97%
  30766 24692        cutoff          12491.0000    12612.2485  5205858    0.97%
Elapsed time = 1764.09 sec. (519722.96 ticks, tree = 210.88 MB, solutions = 8)
Nodefile size = 81.20 MB (43.22 MB after compression)
  30790 24686    12512.7114  2364    12491.0000    12612.2485  5223324    0.97%
  30868 24721        cutoff          12491.0000    12612.2485  5266279    0.97%
  30908 24741    12521.8539  1913    12491.0000    12612.2485  5281855    0.97%
  31324 24974    12499.0228  1009    12491.0000    12610.7608  5374832    0.96%
  31378 24990        cutoff          12491.0000    12610.7608  5405449    0.96%
  31426 25012    12509.5243  1654    12491.0000    12610.7608  5430636    0.96%
  31499 25059    12558.2219  1679    12491.0000    12610.7608  5458112    0.96%
  31562 25094        cutoff          12491.0000    12610.7608  5477808    0.96%
  31913 25256    12514.1820  1987    12491.0000    12609.1717  5596533    0.95%
  31960 25273    12532.0740  2154    12491.0000    12609.1717  5625021    0.95%
Elapsed time = 1929.61 sec. (563548.36 ticks, tree = 215.13 MB, solutions = 8)
Nodefile size = 85.39 MB (44.86 MB after compression)
  32009 25292    12495.9754   984    12491.0000    12609.1717  5648198    0.95%
  32073 25310    12547.9616  2050    12491.0000    12609.1717  5674773    0.95%
  32128 25327    12553.4561  1314    12491.0000    12609.1717  5697954    0.95%
  32208 25362    12503.7458   956    12491.0000    12609.1717  5727296    0.95%
  32670 25661        cutoff          12491.0000    12607.4227  5871286    0.93%
  32718 25677    12533.8701  1853    12491.0000    12607.4227  5898582    0.93%
  32753 25696    12505.9583  1867    12491.0000    12607.4227  5911620    0.93%
  32806 25715    12537.6244  1523    12491.0000    12607.4227  5939648    0.93%
  32854 25745    12522.9505  1865    12491.0000    12607.4227  5958741    0.93%
  33297 26019    12500.3433  1368    12491.0000    12605.4735  6087879    0.92%
Elapsed time = 2104.98 sec. (610530.77 ticks, tree = 266.45 MB, solutions = 8)
Nodefile size = 136.94 MB (81.22 MB after compression)
  33348 26020    12542.6425  1988    12491.0000    12605.4735  6127220    0.92%
  33405 26045    12554.8932  1665    12491.0000    12605.4735  6160962    0.92%
  33469 26091    12544.2993   931    12491.0000    12605.4735  6178078    0.92%
  33537 26137    12526.4314  1730    12491.0000    12605.4735  6188995    0.92%
  33577 26161    12538.1562   950    12491.0000    12605.4735  6199898    0.92%
  34136 26509    12514.8080  1368    12491.0000    12603.8968  6328527    0.90%
  34179 26514        cutoff          12491.0000    12603.8968  6354015    0.90%
  34211 26526    12495.2920  1050    12491.0000    12603.8968  6374168    0.90%
  34296 26567    12497.8421  1088    12491.0000    12603.8968  6399664    0.90%
  34336 26593    12494.7436  1533    12491.0000    12603.8968  6406265    0.90%
Elapsed time = 2265.84 sec. (654399.12 ticks, tree = 268.64 MB, solutions = 8)
Nodefile size = 140.14 MB (82.43 MB after compression)
  34392 26618    12551.8766  1165    12491.0000    12603.8968  6418911    0.90%
  34637 26724    12522.9171  1631    12491.0000    12603.8968  6520328    0.90%
  34844 26801    12503.6309  2193    12491.0000    12602.1516  6602363    0.89%
  34879 26810    12523.4227  2218    12491.0000    12602.1516  6626070    0.89%
  34935 26827    12530.1622  1049    12491.0000    12602.1516  6656831    0.89%
  35004 26854    12534.6045   951    12491.0000    12602.1516  6687760    0.89%
  35091 26923    12535.7065  1502    12491.0000    12602.1516  6703962    0.89%
  35211 26994    12584.3813  1520    12491.0000    12602.1516  6740728    0.89%
  35510 27140        cutoff          12491.0000    12599.9753  6838999    0.87%
  35558 27160    12534.7161  1500    12491.0000    12599.9753  6856116    0.87%
Elapsed time = 2416.33 sec. (697009.69 ticks, tree = 273.48 MB, solutions = 8)
Nodefile size = 143.35 MB (83.61 MB after compression)
  35630 27190    12537.6868  1670    12491.0000    12599.9753  6884362    0.87%
  35663 27203    12561.0029  1621    12491.0000    12599.9753  6900243    0.87%
  35766 27264    12535.5091  1990    12491.0000    12599.9753  6933821    0.87%
  35814 27286        cutoff          12491.0000    12599.9753  6952674    0.87%
  35869 27297    12515.6108  1980    12491.0000    12599.9753  6973520    0.87%
  36416 27664    12494.8039  1859    12491.0000    12597.8396  7093241    0.86%
  36455 27669    12499.7628  1802    12491.0000    12597.8396  7116976    0.86%
  36516 27681        cutoff          12491.0000    12597.8396  7149392    0.86%
  36610 27705    12502.0417  1722    12491.0000    12597.8396  7205664    0.86%
  36642 27709        cutoff          12491.0000    12597.8396  7228178    0.86%
Elapsed time = 2578.57 sec. (742965.84 ticks, tree = 373.56 MB, solutions = 8)
Nodefile size = 243.95 MB (155.37 MB after compression)
  36674 27727        cutoff          12491.0000    12597.8396  7241851    0.86%
  36924 27849    12497.2341  2021    12491.0000    12596.0561  7332568    0.84%
  36980 27877    12498.0719   526    12491.0000    12596.0561  7352667    0.84%
  37023 27890        cutoff          12491.0000    12596.0561  7367695    0.84%
  37047 27899    12497.7930  1896    12491.0000    12596.0561  7379068    0.84%
  37165 27951    12496.0798  1654    12491.0000    12596.0561  7426007    0.84%
  37309 28037    12495.5013  2218    12491.0000    12596.0561  7463569    0.84%
  37421 28103        cutoff          12491.0000    12596.0561  7483677    0.84%
  37782 28281        cutoff          12491.0000    12594.4107  7604973    0.83%
  37830 28291    12513.4333   435    12491.0000    12594.4107  7628667    0.83%
Elapsed time = 2731.41 sec. (785493.33 ticks, tree = 378.66 MB, solutions = 8)
Nodefile size = 248.36 MB (157.33 MB after compression)
  37887 28296        cutoff          12491.0000    12594.4107  7655782    0.83%
  37927 28286    12540.5983  2264    12491.0000    12594.4107  7686824    0.83%
  37999 28304    12544.2727  1883    12491.0000    12594.4107  7722697    0.83%
  38063 28301    12507.2737  1475    12491.0000    12594.4107  7768685    0.83%
  38171 28315        cutoff          12491.0000    12594.4107  7830180    0.83%
  38307 28356        cutoff          12491.0000    12592.3694  7894949    0.81%
  38353 28366        cutoff          12491.0000    12592.3694  7917201    0.81%
  38435 28412    12492.3446  1488    12491.0000    12592.3694  7945006    0.81%
  38491 28418    12493.8431  1971    12491.0000    12592.3694  7971698    0.81%
  38535 28433        cutoff          12491.0000    12592.3694  7992377    0.81%
Elapsed time = 2895.05 sec. (828970.43 ticks, tree = 394.28 MB, solutions = 8)
Nodefile size = 265.28 MB (169.26 MB after compression)
  38567 28429        cutoff          12491.0000    12592.3694  8008731    0.81%
  38599 28441        cutoff          12491.0000    12592.3694  8030462    0.81%
  38935 28578    12512.9403  1807    12491.0000    12590.3075  8162457    0.80%
  38971 28579    12514.9417  1911    12491.0000    12590.3075  8198789    0.80%
  39007 28591    12538.8958   869    12491.0000    12590.3075  8220760    0.80%
  39046 28618    12494.7420  1197    12491.0000    12590.3075  8239052    0.80%
  39115 28641        cutoff          12491.0000    12590.3075  8264819    0.80%
  39155 28659        cutoff          12491.0000    12590.3075  8276303    0.80%
  39187 28671    12539.0990  1519    12491.0000    12590.3075  8290601    0.80%
  39581 28820    12504.9384  1797    12491.0000    12590.3075  8451414    0.80%
Elapsed time = 3043.27 sec. (870227.97 ticks, tree = 396.25 MB, solutions = 8)
Nodefile size = 266.20 MB (169.73 MB after compression)
  39610 28831    12532.0480  1637    12491.0000    12587.8763  8472049    0.78%
  39650 28837    12542.0343  1632    12491.0000    12587.8763  8492478    0.78%
  39714 28867    12531.0019  1798    12491.0000    12587.8763  8517637    0.78%
  39762 28885    12528.1704  2127    12491.0000    12587.8763  8540350    0.78%
  39810 28899        cutoff          12491.0000    12587.8763  8562772    0.78%
  39842 28899    12521.8767  2124    12491.0000    12587.8763  8585744    0.78%
  39906 28915    12497.8612  1421    12491.0000    12587.8763  8618803    0.78%
  40205 29034    12515.5996  1932    12491.0000    12587.8763  8735418    0.78%
  40274 29038        cutoff          12491.0000    12586.0232  8771014    0.76%
  40322 29046        cutoff          12491.0000    12586.0232  8800631    0.76%
Elapsed time = 3196.14 sec. (912719.71 ticks, tree = 402.15 MB, solutions = 8)
Nodefile size = 271.24 MB (170.91 MB after compression)
  40378 29074        cutoff          12491.0000    12586.0232  8820297    0.76%
  40410 29088    12529.0729  1731    12491.0000    12586.0232  8830494    0.76%
  40482 29128    12503.4996  2092    12491.0000    12586.0232  8846383    0.76%
  40562 29143        cutoff          12491.0000    12586.0232  8877704    0.76%
  40602 29167    12519.2438   906    12491.0000    12586.0232  8893203    0.76%
  41010 29289    12540.0375   469    12491.0000    12583.6304  9048955    0.74%
  41067 29322    12506.5983  2316    12491.0000    12583.6304  9064025    0.74%
  41115 29332    12515.9619  1586    12491.0000    12583.6304  9082333    0.74%
  41171 29366    12494.8446  1466    12491.0000    12583.6304  9101235    0.74%
  41243 29386        cutoff          12491.0000    12583.6304  9119135    0.74%
Elapsed time = 3356.01 sec. (956506.43 ticks, tree = 402.07 MB, solutions = 8)
Nodefile size = 271.24 MB (170.91 MB after compression)
  41275 29391    12503.8564  1572    12491.0000    12583.6304  9136849    0.74%
  41382 29440        cutoff          12491.0000    12583.6304  9166996    0.74%
  41414 29454        cutoff          12491.0000    12583.6304  9175442    0.74%
  42217 29779    12516.4011  1345    12491.0000    12581.5334  9366539    0.72%
  42250 29786    12530.9120   744    12491.0000    12581.5334  9387751    0.72%
  42283 29801        cutoff          12491.0000    12581.5334  9399333    0.72%
  42323 29829    12496.4115  1861    12491.0000    12581.5334  9406813    0.72%
  42403 29887        cutoff          12491.0000    12581.5334  9418927    0.72%
  42443 29907    12496.1450  1375    12491.0000    12581.5334  9431694    0.72%
  42499 29933        cutoff          12491.0000    12581.5334  9447485    0.72%
Elapsed time = 3541.23 sec. (1001950.85 ticks, tree = 404.90 MB, solutions = 8)
Nodefile size = 275.10 MB (172.45 MB after compression)
  43313 30258    12510.2630  1381    12491.0000    12579.3347  9658328    0.71%
  43355 30266        cutoff          12491.0000    12579.3347  9679885    0.71%
  43395 30294    12496.0696  1976    12491.0000    12579.3347  9694575    0.71%
  43715 30475    12531.1832  1249    12491.0000    12579.3347  9752951    0.71%

Clique cuts applied:  559
Cover cuts applied:  11599
Implied bound cuts applied:  1226
Zero-half cuts applied:  243
Gomory fractional cuts applied:  34

Root node processing (before b&c):
  Real time             =    9.49 sec. (10538.81 ticks)
Parallel b&c, 8 threads:
  Real time             = 3591.26 sec. (1009650.04 ticks)
  Sync time (average)   =    0.03 sec.
  Wait time (average)   =    0.00 sec.
                          ------------
Total (root+branch&cut) = 3600.75 sec. (1020188.85 ticks)

 ===================================================== 
 Model has 13579 rows and 13622 columns
 Objective   :         12491.0000
 UB          :         13360.3410
 LP gap      :             6.9597 (%)
 Status      :           Feasible
 GAP         :             0.6993 (%)
 Time        :           27979.11
 Iterations  :            9795252
 # B&B nodes :              43866
 # nodes left:              30561

 Solution includes 22 access points 
 ===================================================== 
solution:	4 5 6 8 9 10 13 14 15 17 20 24 25 26 27 31 35 36 37 38 39 41 
 ===================================================== 
coverage:	12491

 ===================================================== 
