Found incumbent of value 0.000000 after 0.00 sec. (1.16 ticks)
Probing time = 0.02 sec. (9.06 ticks)
Clique table members: 269.
MIP emphasis: balance optimality and feasibility.
MIP search method: dynamic search.
Parallel mode: deterministic, using up to 8 threads.
Root relaxation solution time = 0.05 sec. (118.64 ticks)

        Nodes                                         Cuts/
   Node  Left     Objective  IInf  Best Integer    Best Bound    ItCnt     Gap

*     0+    0                            0.0000    13578.0000        0     --- 
      0     0    11645.1042  4815        0.0000    11645.1042        0     --- 
*     0+    0                         7495.0000    11645.1042        0   55.37%
*     0+    0                         8769.0000    11645.1042        0   32.80%
      0     0    10812.7833  6208     8769.0000    Cuts: 3494     5547   23.31%
      0     0    10491.0509  5745     8769.0000    Cuts: 3494     9623   19.64%
      0     0    10314.3176  6390     8769.0000    Cuts: 3494    12920   17.62%
      0     0    10164.5435  6271     8769.0000    Cuts: 2626    15529   15.91%
      0     0    10114.2222  5874     8769.0000    Cuts: 3203    16941   15.34%
      0     0    10076.5281  6300     8769.0000    Cuts: 1652    18011   14.91%
*     0+    0                         9360.0000    10076.5281    18011    7.66%
      0     0    10038.1246  7064     9360.0000     Cuts: 835    19108    7.24%
      0     0    10019.6502  6639     9360.0000    Cuts: 1211    19869    7.05%
      0     0    10004.5334  6753     9360.0000     Cuts: 714    20800    6.89%
      0     0     9986.9067  6648     9360.0000     Cuts: 604    21732    6.70%
      0     0     9975.7453  6825     9360.0000     Cuts: 533    22429    6.58%
      0     0     9968.4579  7108     9360.0000     Cuts: 550    22988    6.50%
      0     0     9965.2022  7116     9360.0000     Cuts: 410    23270    6.47%
      0     0     9961.8825  6906     9360.0000     Cuts: 207    23508    6.43%
      0     0     9959.4334  7119     9360.0000     Cuts: 187    23645    6.40%
      0     0     9957.3751  6892     9360.0000     Cuts: 115    23856    6.38%
      0     0     9955.8308  6923     9360.0000     Cuts: 176    23964    6.37%
      0     0     9954.4253  6907     9360.0000     Cuts: 145    24055    6.35%
      0     2     9954.4253  6903     9360.0000     9954.4253    24055    6.35%
Elapsed time = 27.23 sec. (36920.10 ticks, tree = 0.01 MB, solutions = 4)
      1     3     9947.0046  6209     9360.0000     9954.4253    25032    6.35%
      4     6     9857.2163  6016     9360.0000     9953.4578    26689    6.34%
      7     9     9944.2187  6564     9360.0000     9953.2803    27817    6.34%
     10    12     9856.2163  6013     9360.0000     9953.2803    30017    6.34%
     17    19     9841.0761  5602     9360.0000     9953.2803    32998    6.34%
     21    23     9854.4688  6028     9360.0000     9953.2803    35400    6.34%
     74    76     9853.0395  6022     9360.0000     9953.2803    48055    6.34%
     76    78     9513.9843  5091     9360.0000     9953.2803    51407    6.34%
    110   110     9506.3343  5090     9360.0000     9953.2803    65943    6.34%
    122   120     9851.8932  5947     9360.0000     9953.2803    70715    6.34%
Elapsed time = 45.11 sec. (45922.47 ticks, tree = 0.10 MB, solutions = 4)
    138   134     9850.8932  5951     9360.0000     9953.2803    83056    6.34%
    209   183     9849.8932  5952     9360.0000     9953.2803   106479    6.34%
    233   198     9838.2890  5408     9360.0000     9953.2803   119951    6.34%
    249   206     9837.2890  5410     9360.0000     9953.2803   125296    6.34%
*   773+  238                         9443.0000     9953.2803   144336    5.40%
    906   226     9943.8956  6530     9443.0000     9953.2803   145529    5.40%
   1003   321     9851.4811  5942     9443.0000     9953.2803   182842    5.40%
   1011   329     9746.3919  4056     9443.0000     9953.2803   192160    5.40%
   1065   383     9850.7786  5942     9443.0000     9953.2803   221036    5.40%
   1089   407     9828.8074  5549     9443.0000     9953.2803   235002    5.40%
   1097   415     9744.3919  4062     9443.0000     9953.2803   245140    5.40%
Elapsed time = 95.85 sec. (62843.08 ticks, tree = 0.60 MB, solutions = 5)
   1113   431     9743.3919  4059     9443.0000     9953.2803   256572    5.40%
   1145   463     9742.3919  4061     9443.0000     9953.2803   277156    5.40%
   1151   469     9731.5295  4058     9443.0000     9953.2803   283999    5.40%
   1177   495     9740.3919  4058     9443.0000     9953.2803   302845    5.40%
   1194   512     9798.0605  5553     9443.0000     9953.2803   319331    5.40%
   1224   542     9738.3919  4058     9443.0000     9953.2803   340756    5.40%
   1225   543     9794.5603  5528     9443.0000     9953.2803   342983    5.40%
   1241   559     9789.5603  5526     9443.0000     9953.2803   355938    5.40%
   1308   626     9734.3919  4059     9443.0000     9953.2803   405793    5.40%
   1324   642     9733.3919  4060     9443.0000     9953.2803   421226    5.40%
Elapsed time = 140.82 sec. (76618.29 ticks, tree = 1.96 MB, solutions = 5)
   1340   658     9732.3919  4059     9443.0000     9953.2803   433361    5.40%
   1356   674     9731.3919  4058     9443.0000     9953.2803   445571    5.40%
   1372   690     9730.3919  4054     9443.0000     9953.2803   460070    5.40%
   1387   705     9729.3919  4055     9443.0000     9953.2803   475368    5.40%
   1412   730     9728.3919  4055     9443.0000     9953.2803   498630    5.40%
   1428   746     9727.3919  4062     9443.0000     9953.2803   515443    5.40%
   1444   762     9726.3919  4059     9443.0000     9953.2803   527362    5.40%
   1461   779     9706.5603  5530     9443.0000     9953.2803   541080    5.40%
   1477   795     9698.5603  5530     9443.0000     9953.2803   556370    5.40%
   1493   811     9685.5603  5530     9443.0000     9953.2803   568389    5.40%
Elapsed time = 185.11 sec. (89161.53 ticks, tree = 2.95 MB, solutions = 5)
   1541   859     9721.3919  4057     9443.0000     9953.2803   606327    5.40%
   1574   892     9681.5603  5528     9443.0000     9953.2803   625528    5.40%
   1590   908     9639.5603  5528     9443.0000     9953.2803   637776    5.40%
   1606   924     9638.5603  5527     9443.0000     9953.2803   648915    5.40%
   1622   940     9632.5603  5529     9443.0000     9953.2803   663608    5.40%
   1638   956     9629.5603  5529     9443.0000     9953.2803   676969    5.40%
   1654   972     9620.2256  4544     9443.0000     9953.2803   692231    5.40%
   1693  1011     9628.5603  5526     9443.0000     9953.2803   718513    5.40%
   1709  1027     9622.5603  5526     9443.0000     9953.2803   733840    5.40%
   1725  1043     9617.5603  5526     9443.0000     9953.2803   745768    5.40%
Elapsed time = 246.54 sec. (104259.70 ticks, tree = 17.84 MB, solutions = 5)
   1741  1059     9614.5603  5526     9443.0000     9953.2803   757785    5.40%
   1757  1075     9612.5603  5529     9443.0000     9953.2803   772997    5.40%
   1773  1091     9598.5603  5530     9443.0000     9953.2803   784536    5.40%
   1864  1182     9702.3919  4058     9443.0000     9953.2803   856528    5.40%
   1880  1198     9701.3919  4061     9443.0000     9953.2803   878010    5.40%
   1888  1206     9795.3398  5398     9443.0000     9953.2803   889297    5.40%
   1896  1214     9700.3919  4060     9443.0000     9953.2803   891117    5.40%
   1912  1230     9699.3919  4059     9443.0000     9953.2803   908085    5.40%
   1928  1246     9698.3919  4059     9443.0000     9953.2803   922518    5.40%
   1944  1262     9697.3919  4056     9443.0000     9953.2803   934853    5.40%
Elapsed time = 290.16 sec. (118326.07 ticks, tree = 17.80 MB, solutions = 5)
   1976  1294     9695.3919  4059     9443.0000     9953.2803   962302    5.40%
   1992  1310     9694.3919  4061     9443.0000     9953.2803   977250    5.40%
   2051  1369     9693.3919  4058     9443.0000     9953.2803  1025060    5.40%
   2067  1385     9692.3919  4058     9443.0000     9953.2803  1040264    5.40%
   2083  1401     9691.3919  4059     9443.0000     9953.2803  1051918    5.40%
   2099  1417     9690.3919  4059     9443.0000     9953.2803  1062933    5.40%
   2115  1433     9689.3919  4059     9443.0000     9953.2803  1077855    5.40%
   2131  1449     9688.3919  4055     9443.0000     9953.2803  1092741    5.40%
   2144  1462     9588.6260  4270     9443.0000     9953.2803  1104713    5.40%
   2160  1478     9587.6260  4269     9443.0000     9953.2803  1116488    5.40%
Elapsed time = 332.08 sec. (130336.15 ticks, tree = 18.20 MB, solutions = 5)
   2176  1493     9586.6260  4269     9443.0000     9953.2803  1127343    5.40%
   2198  1515     9582.5042  4529     9443.0000     9953.2803  1147985    5.40%
   2224  1541     9582.7172  4262     9443.0000     9953.2803  1165091    5.40%
   2240  1557     9581.7172  4261     9443.0000     9953.2803  1176712    5.40%
   2294  1611     9580.6736  4266     9443.0000     9953.2803  1219517    5.40%
   2310  1627     9578.6902  4508     9443.0000     9953.2803  1229302    5.40%
   2326  1643     9577.7733  4511     9443.0000     9953.2803  1242836    5.40%
   2342  1657     9576.7278  4262     9443.0000     9953.2803  1252326    5.40%
   2358  1673     9574.7497  4512     9443.0000     9953.2803  1262051    5.40%
   2374  1689     9574.7468  4261     9443.0000     9953.2803  1271689    5.40%
Elapsed time = 381.19 sec. (143299.42 ticks, tree = 21.81 MB, solutions = 5)
   2390  1705     9573.7468  4259     9443.0000     9953.2803  1286850    5.40%
   2406  1721     9572.7468  4259     9443.0000     9953.2803  1299968    5.40%
   2422  1737     9569.7736  4510     9443.0000     9953.2803  1313952    5.40%
   2442  1757     9566.7468  4256     9443.0000     9953.2803  1333181    5.40%
   2458  1773     9565.7468  4256     9443.0000     9953.2803  1345607    5.40%
   2474  1789     9562.7736  4511     9443.0000     9953.2803  1360836    5.40%
   2499  1814     9565.9077  4250     9443.0000     9953.2803  1381818    5.40%
   2551  1866     9683.4459  4066     9443.0000     9953.2803  1421213    5.40%
   2555  1870     9561.7955  4256     9443.0000     9953.2803  1430703    5.40%
   2569  1884     9454.3919  4057     9443.0000     9953.2803  1445022    5.40%
Elapsed time = 428.01 sec. (155791.42 ticks, tree = 48.60 MB, solutions = 5)
   2601  1916     9452.3919  4056     9443.0000     9953.2803  1470615    5.40%
   2623  1938     9559.7811  4511     9443.0000     9953.2803  1496026    5.40%
   2635  1950     9555.7811  4513     9443.0000     9953.2803  1507539    5.40%
   2651  1966     9554.8682  4515     9443.0000     9953.2803  1524296    5.40%
   2664  1979     9701.8161  5442     9443.0000     9953.2803  1534310    5.40%
   2683  1998     9552.7811  4514     9443.0000     9953.2803  1556841    5.40%
   2699  2014     9552.8967  4246     9443.0000     9953.2803  1573863    5.40%
   2715  2029     9549.6689  1950     9443.0000     9953.2803  1590105    5.40%
   2729  2043     9444.3919  4057     9443.0000     9953.2803  1601430    5.40%
   2808  2108     9680.4784  4307     9443.0000     9953.2803  1666432    5.40%
Elapsed time = 482.35 sec. (171132.56 ticks, tree = 48.11 MB, solutions = 5)
   2842  2138     9692.1805  5444     9443.0000     9953.2803  1692458    5.40%
   2906  2194     9674.1085  5083     9443.0000     9953.2803  1732648    5.40%
   2970  2256     9682.6078  5439     9443.0000     9953.2803  1784457    5.40%
   3034  2318     9675.4564  5436     9443.0000     9953.2803  1833254    5.40%
   3098  2380     9669.6442  5435     9443.0000     9953.2803  1883352    5.40%
   3310  2584     9671.0718  5854     9443.0000     9953.2803  2030467    5.40%
   3372  2638     9659.9990  5833     9443.0000     9953.2803  2071883    5.40%
   3444  2686     9641.5202  4308     9443.0000     9953.2803  2111072    5.40%
   3508  2728     9635.5702  4307     9443.0000     9953.2803  2142293    5.40%
   3572  2766     9648.2138  5426     9443.0000     9953.2803  2182184    5.40%
Elapsed time = 654.52 sec. (215803.97 ticks, tree = 49.89 MB, solutions = 5)
   4171  3133     9630.3201  5412     9443.0000     9953.2803  2393187    5.40%
   4235  3175     9623.9291  4307     9443.0000     9953.2803  2423624    5.40%
   4299  3227     9636.8710  5426     9443.0000     9953.2803  2452726    5.40%
   4347  3261     9620.4911  5230     9443.0000     9953.2803  2473084    5.40%
   4411  3307     9629.1036  5417     9443.0000     9953.2803  2499735    5.40%
   4461  3343     9629.1702  5424     9443.0000     9953.2803  2521953    5.40%
   4523  3397     9620.0379  5797     9443.0000     9953.2803  2546877    5.40%
   6513  4355     9726.2290  5141     9443.0000     9943.7606  2828564    5.30%
   6528  4368     9630.4728  6047     9443.0000     9943.7606  2847787    5.30%
   6552  4390     9906.9224  6052     9443.0000     9943.7606  2858253    5.30%
Elapsed time = 807.91 sec. (260400.04 ticks, tree = 54.35 MB, solutions = 5)
   6762  4582     9689.3858  6553     9443.0000     9943.7606  2940492    5.30%
   6835  4643     9504.1280   749     9443.0000     9943.7606  2961733    5.30%
   6923  4703     9505.2404  4511     9443.0000     9943.7606  2986879    5.30%
   7035  4778     9635.7621  4548     9443.0000     9943.7606  3006234    5.30%
   7211  4884        cutoff           9443.0000     9943.7606  3034070    5.30%
  10349  7599     9503.0538  5216     9443.0000     9943.7606  3256796    5.30%
  10445  7661        cutoff           9443.0000     9943.7606  3281906    5.30%
  10741  7789        cutoff           9443.0000     9943.7606  3309038    5.30%
  10821  7818     9462.6682  4967     9443.0000     9943.7606  3331602    5.30%
  11141  7948     9855.5238  6032     9443.0000     9943.7606  3355631    5.30%
Elapsed time = 962.49 sec. (304399.70 ticks, tree = 77.55 MB, solutions = 5)
  11157  7958     9843.7399  6028     9443.0000     9943.7606  3363654    5.30%
  11285  8028        cutoff           9443.0000     9943.7606  3377887    5.30%
  12581  8900     9716.4033  4556     9443.0000     9943.7606  3465592    5.30%
  16521 12313     9737.2552  4686     9443.0000     9921.6653  3677710    5.07%
  16881 12574     9727.5949  4056     9443.0000     9921.6653  3711538    5.07%
  17632 13277     9539.0473  5050     9443.0000     9921.6653  3769833    5.07%
  17840 13456        cutoff           9443.0000     9921.6653  3796192    5.07%
  17919 13529        cutoff           9443.0000     9921.6653  3817192    5.07%
  20233 15316     9622.6571  4523     9443.0000     9917.2353  3982442    5.02%
  20383 15437     9445.5090  3993     9443.0000     9917.2353  4007245    5.02%
Elapsed time = 1137.07 sec. (350975.98 ticks, tree = 143.53 MB, solutions = 5)
Nodefile size = 12.39 MB (8.47 MB after compression)
  20567 15578     9548.3168  3577     9443.0000     9917.2353  4034531    5.02%
  20775 15727     9511.5925  3534     9443.0000     9917.2353  4060547    5.02%
  20959 15877     9499.1493  3610     9443.0000     9917.2353  4081543    5.02%
  21175 16024        cutoff           9443.0000     9917.2353  4099709    5.02%
  24341 18375     9682.1023  4157     9443.0000     9913.0820  4273307    4.98%
  24523 18539     9672.2422  5577     9443.0000     9913.0820  4309468    4.98%
  25810 19579     9674.1023  4160     9443.0000     9913.0820  4349781    4.98%
  26291 20016     9601.7432  4405     9443.0000     9913.0820  4392355    4.98%
  27374 20943     9560.8121  5598     9443.0000     9913.0820  4436213    4.98%
  28368 21789     9553.0202  3561     9443.0000     9900.1517  4512608    4.84%
Elapsed time = 1288.18 sec. (392332.13 ticks, tree = 200.18 MB, solutions = 5)
Nodefile size = 70.54 MB (44.93 MB after compression)
  28648 21988     9456.6437  4972     9443.0000     9900.1517  4528614    4.84%
  28760 22070     9448.9853  4964     9443.0000     9900.1517  4543865    4.84%
  28920 22205        cutoff           9443.0000     9900.1517  4557188    4.84%
  29944 22975     9777.8344  5174     9443.0000     9900.1517  4612592    4.84%
  32716 25031        cutoff           9443.0000     9894.4327  4761425    4.78%
  32900 25165     9601.1147   772     9443.0000     9894.4327  4771780    4.78%
  33116 25313        cutoff           9443.0000     9894.4327  4794275    4.78%
  33388 25483        cutoff           9443.0000     9894.4327  4809369    4.78%
  35115 26855        cutoff           9443.0000     9885.6883  4940699    4.69%
  35290 26955     9568.6368  4493     9443.0000     9885.6883  4960485    4.69%
Elapsed time = 1442.95 sec. (433548.75 ticks, tree = 246.68 MB, solutions = 5)
Nodefile size = 116.08 MB (70.43 MB after compression)
  35972 27426        cutoff           9443.0000     9885.6883  5010766    4.69%
  36302 27662     9561.0539  2128     9443.0000     9885.6883  5027445    4.69%
  38013 28961     9626.1790  4659     9443.0000     9885.6883  5119316    4.69%
  39153 29930        cutoff           9443.0000     9863.2819  5166276    4.45%
  39481 30210     9635.7336  4580     9443.0000     9863.2819  5179150    4.45%
  41081 31628     9606.5086  4027     9443.0000     9863.2819  5258487    4.45%
  42246 32575     9477.0502  1293     9443.0000     9848.5943  5332220    4.30%
  42478 32781     9620.4690  2229     9443.0000     9848.5943  5342294    4.30%
  44442 34556        cutoff           9443.0000     9848.5943  5421109    4.30%
  45485 35499     9588.4299  4621     9443.0000     9845.5867  5482539    4.26%
Elapsed time = 1608.10 sec. (479182.40 ticks, tree = 326.15 MB, solutions = 5)
Nodefile size = 194.62 MB (110.15 MB after compression)
  45873 35802     9533.8409   702     9443.0000     9845.5867  5509948    4.26%
  46319 36129     9598.4062  4616     9443.0000     9845.5867  5537387    4.26%
  46754 36477     9660.7537  4936     9443.0000     9845.5867  5550565    4.26%
  48600 38044     9667.6223  5516     9443.0000     9841.6569  5653081    4.22%
  49793 39078     9665.1474  5526     9443.0000     9841.6569  5703795    4.22%
  50565 39666     9582.6582  4620     9443.0000     9841.6569  5756534    4.22%
  51790 40697     9626.0007  4607     9443.0000     9840.5797  5819237    4.21%
  52663 41423     9561.2602  4534     9443.0000     9840.5797  5857538    4.21%
  53622 42199     9594.6740  4749     9443.0000     9840.5797  5902910    4.21%
  54959 43019     9536.8074  5764     9443.0000     9838.2858  5966706    4.19%
Elapsed time = 1779.62 sec. (523019.47 ticks, tree = 394.89 MB, solutions = 5)
Nodefile size = 263.93 MB (143.83 MB after compression)
  55692 43599     9595.9216  4613     9443.0000     9838.2858  5991803    4.19%
  56634 44467     9529.9742   688     9443.0000     9838.2858  6036157    4.19%
  57914 45610     9599.6259  4021     9443.0000     9838.2858  6103299    4.19%
  58371 45988     9511.5206   661     9443.0000     9837.2845  6134899    4.18%
  58948 46421        cutoff           9443.0000     9837.2845  6165749    4.18%
  59780 47026        cutoff           9443.0000     9837.2845  6191976    4.18%
  60832 47885     9564.4431  2217     9443.0000     9837.2781  6268785    4.18%
  61088 48009        cutoff           9443.0000     9837.2781  6287990    4.18%
  61360 48158     9461.5347  2068     9443.0000     9837.2781  6305337    4.18%
  62876 49175     9589.6259  4022     9443.0000     9837.2781  6389070    4.18%
Elapsed time = 1922.84 sec. (564724.80 ticks, tree = 439.36 MB, solutions = 5)
Nodefile size = 308.51 MB (163.45 MB after compression)
  63619 49882     9590.6259  4023     9443.0000     9835.1158  6428830    4.15%
  64853 50581     9481.9002  2056     9443.0000     9835.1158  6496105    4.15%
  65712 51250     9589.7844  5788     9443.0000     9834.0118  6571418    4.14%
  66208 51619        cutoff           9443.0000     9834.0118  6601423    4.14%
  66982 52209     9607.6259  4022     9443.0000     9834.0118  6647945    4.14%
  67833 53014     9551.8251  3897     9443.0000     9833.7216  6718075    4.14%
  68780 53859     9552.6994  3928     9443.0000     9833.7216  6748217    4.14%
  69242 54291     9583.0976  4068     9443.0000     9833.7216  6772358    4.14%
  70554 55558     9567.4600  2234     9443.0000     9830.0882  6835022    4.10%
  70879 55811        cutoff           9443.0000     9830.0882  6864733    4.10%
Elapsed time = 2099.57 sec. (610674.03 ticks, tree = 512.17 MB, solutions = 5)
Nodefile size = 380.47 MB (193.13 MB after compression)
  71247 56077     9550.4271   769     9443.0000     9830.0882  6878715    4.10%
  72619 57312     9583.0976  4063     9443.0000     9830.0882  6966236    4.10%
  72790 57427        cutoff           9443.0000     9829.8399  6980960    4.10%
  73133 57635        cutoff           9443.0000     9829.8399  7004463    4.10%
  74718 58960     9472.3410  6448     9443.0000     9829.8399  7095641    4.10%
  74743 58975     9594.7100  2226     9443.0000     9829.8399  7104322    4.10%
  75441 59317     9469.8013   572     9443.0000     9829.8399  7152946    4.10%
  75965 59609     9582.0972  4066     9443.0000     9829.8399  7177730    4.10%
  76824 60242     9522.4377  3804     9443.0000     9829.8399  7246778    4.10%
  77152 60469        cutoff           9443.0000     9829.8399  7268313    4.10%
Elapsed time = 2248.47 sec. (651620.10 ticks, tree = 554.40 MB, solutions = 5)
Nodefile size = 423.39 MB (210.38 MB after compression)
  78590 61676     9582.3844  4016     9443.0000     9829.8399  7338683    4.10%
  79075 62017        cutoff           9443.0000     9826.9649  7369512    4.07%
  79363 62200        cutoff           9443.0000     9826.9649  7389885    4.07%
  80951 63574        cutoff           9443.0000     9826.1915  7480783    4.06%
  81239 63735        cutoff           9443.0000     9826.1915  7503106    4.06%
  81573 63891        cutoff           9443.0000     9826.1915  7540793    4.06%
  82616 64531        cutoff           9443.0000     9826.1915  7622178    4.06%
  82968 64725        cutoff           9443.0000     9826.1915  7645969    4.06%
  83392 65010        cutoff           9443.0000     9826.1915  7666636    4.06%
  84561 66039     9601.1111  4644     9443.0000     9826.1915  7742687    4.06%
Elapsed time = 2401.99 sec. (690770.52 ticks, tree = 596.59 MB, solutions = 5)
Nodefile size = 465.31 MB (226.35 MB after compression)
  84976 66356        cutoff           9443.0000     9824.1936  7762246    4.04%
  85312 66614     9478.9346   605     9443.0000     9824.1936  7781903    4.04%
  86818 67978     9468.8002  1288     9443.0000     9824.1936  7842253    4.04%
  87347 68410        cutoff           9443.0000     9823.0877  7882891    4.03%
  87611 68532        cutoff           9443.0000     9823.0877  7918075    4.03%
  88400 68964     9593.9329  5622     9443.0000     9823.0877  7990596    4.03%
  88707 69159        cutoff           9443.0000     9822.5468  8015708    4.02%
  89249 69479     9543.3230  3928     9443.0000     9822.5468  8053633    4.02%
  89730 69790     9581.2702  4678     9443.0000     9822.5468  8079313    4.02%
  90686 70576     9520.0871  3871     9443.0000     9820.7710  8139680    4.00%
Elapsed time = 2550.56 sec. (730740.01 ticks, tree = 653.16 MB, solutions = 5)
Nodefile size = 521.90 MB (249.60 MB after compression)
  91601 71260        cutoff           9443.0000     9820.7710  8173177    4.00%
  92618 72208     9541.5204  3933     9443.0000     9818.6915  8238714    3.98%
  92957 72507     9583.0098  3943     9443.0000     9818.6915  8257023    3.98%
  93341 72823        cutoff           9443.0000     9818.6915  8267628    3.98%
  95206 74466     9534.1754  5185     9443.0000     9816.9080  8353372    3.96%
  95552 74737        cutoff           9443.0000     9816.9080  8384605    3.96%
  95987 75072     9508.2348  5810     9443.0000     9816.9080  8404512    3.96%
  96997 75894     9461.8159  3869     9443.0000     9816.3756  8478850    3.95%
  97429 76232        cutoff           9443.0000     9816.3756  8506468    3.95%
  98385 76912     9521.1563  5214     9443.0000     9816.3756  8546341    3.95%
Elapsed time = 2708.26 sec. (772587.80 ticks, tree = 703.02 MB, solutions = 5)
Nodefile size = 571.38 MB (270.76 MB after compression)
  99636 77975        cutoff           9443.0000     9813.0945  8596214    3.92%
 100012 78281        cutoff           9443.0000     9813.0945  8604100    3.92%
 101277 79279     9529.8281  5213     9443.0000     9813.0945  8698815    3.92%
 101311 79293     9477.8652  5116     9443.0000     9812.1700  8716219    3.91%
 101362 79314     9706.3447  6164     9443.0000     9812.1700  8738756    3.91%
 102213 79722     9470.4570  4832     9443.0000     9810.2347  8829255    3.89%
 102267 79754     9477.7237  3912     9443.0000     9810.2347  8845754    3.89%
 102342 79798     9601.6671  6191     9443.0000     9810.2347  8867576    3.89%
 103663 80612        cutoff           9443.0000     9808.6744  8955378    3.87%
 103757 80670     9455.8361  4798     9443.0000     9808.6744  8985144    3.87%
Elapsed time = 2871.44 sec. (815458.48 ticks, tree = 747.10 MB, solutions = 5)
Nodefile size = 615.85 MB (287.59 MB after compression)
 104273 81003     9508.4174   805     9443.0000     9808.6744  9020598    3.87%
 105466 81799     9468.7833   554     9443.0000     9806.6191  9084510    3.85%
 105659 81943     9503.6286  4297     9443.0000     9806.6191  9103254    3.85%
 105765 82002     9629.6462  2256     9443.0000     9806.6191  9120572    3.85%
 106488 82410     9520.3178   237     9443.0000     9804.0973  9219775    3.82%
 106542 82452     9542.7498  2109     9443.0000     9804.0973  9245076    3.82%
 107635 83325     9455.3101  4912     9443.0000     9804.0973  9271691    3.82%
 108030 83627        cutoff           9443.0000     9801.9802  9335808    3.80%
 108054 83646     9458.7713  5327     9443.0000     9801.9802  9355832    3.80%
 109474 84522     9460.7286  5582     9443.0000     9798.9583  9452977    3.77%
Elapsed time = 3057.35 sec. (864731.65 ticks, tree = 785.16 MB, solutions = 5)
Nodefile size = 654.54 MB (300.89 MB after compression)
 109522 84555     9504.0389   235     9443.0000     9798.9583  9477687    3.77%
 110937 85683     9574.2814  4911     9443.0000     9798.9583  9552735    3.77%
 111031 85763     9547.5244  4977     9443.0000     9794.8473  9568849    3.73%
 111062 85781        cutoff           9443.0000     9794.8473  9590204    3.73%
 111839 86242     9571.2385  5205     9443.0000     9794.8473  9653205    3.73%
 112599 86806     9566.0501  4878     9443.0000     9793.1214  9693977    3.71%
 113557 87546     9563.7765  4918     9443.0000     9793.1214  9721926    3.71%
 114606 88385     9555.5501  4874     9443.0000     9793.1214  9796594    3.71%
 114835 88564        cutoff           9443.0000     9787.7630  9809289    3.65%
 114859 88582     9560.9481  4966     9443.0000     9787.7630  9819249    3.65%
Elapsed time = 3221.45 sec. (911220.14 ticks, tree = 823.74 MB, solutions = 5)
Nodefile size = 692.34 MB (315.33 MB after compression)
 116678 89910     9614.1112  5721     9443.0000     9785.7098  9911273    3.63%
 116736 89956     9525.6024  2113     9443.0000     9785.7098  9934370    3.63%
 117564 90525     9562.1309  5636     9443.0000     9785.7098  9965150    3.63%
 118515 91232     9549.2919  4010     9443.0000     9782.7333 10029380    3.60%
 119157 91684     9563.0791  5634     9443.0000     9782.7333 10059522    3.60%
 119898 92203     9532.5389   254     9443.0000     9782.7333 10124848    3.60%
 120241 92493     9545.5447  4980     9443.0000     9780.9489 10144121    3.58%
 120285 92521     9537.4240  2176     9443.0000     9780.9489 10162522    3.58%
 121470 93290     9545.5646  4970     9443.0000     9777.0496 10259453    3.54%
 122207 93917     9462.4034  2016     9443.0000     9777.0496 10287192    3.54%
Elapsed time = 3418.94 sec. (961337.03 ticks, tree = 872.93 MB, solutions = 5)
Nodefile size = 740.09 MB (334.90 MB after compression)
 123205 94667     9550.8977  4976     9443.0000     9777.0496 10359883    3.54%
 123295 94745     9538.6768  5219     9443.0000     9774.8156 10376340    3.51%
 123312 94752     9493.9386   258     9443.0000     9774.8156 10393898    3.51%
 124055 95317     9550.2035  4972     9443.0000     9774.8156 10438980    3.51%
 124636 95709     9633.0032  5192     9443.0000     9772.7690 10497214    3.49%
 124653 95720     9546.3999  5197     9443.0000     9772.7690 10518705    3.49%
 126130 96750     9536.8053  4974     9443.0000     9769.9745 10614951    3.46%
 126163 96771        cutoff           9443.0000     9769.9745 10636011    3.46%
 126179 96784     9534.2813  5076     9443.0000     9769.9745 10644273    3.46%
 128388 98294     9483.8500   666     9443.0000     9768.1370 10740405    3.44%
Elapsed time = 3600.01 sec. (1012545.74 ticks, tree = 915.69 MB, solutions = 5)
Nodefile size = 783.86 MB (352.86 MB after compression)

Clique cuts applied:  79
Cover cuts applied:  13294
Implied bound cuts applied:  1813
Zero-half cuts applied:  202

Root node processing (before b&c):
  Real time             =   27.15 sec. (36832.15 ticks)
Parallel b&c, 8 threads:
  Real time             = 3573.28 sec. (976374.82 ticks)
  Sync time (average)   =    0.04 sec.
  Wait time (average)   =    0.00 sec.
                          ------------
Total (root+branch&cut) = 3600.42 sec. (1013206.97 ticks)

 ===================================================== 
 Model has 13579 rows and 13622 columns
 Objective   :          9443.0000
 UB          :         11645.1042
 LP gap      :            23.3200 (%)
 Status      :           Feasible
 GAP         :             3.4413 (%)
 Time        :           27586.35
 Iterations  :           10750465
 # B&B nodes :             128463
 # nodes left:              98307

 Solution includes 4 access points 
 ===================================================== 
solution:	6 8 10 20 
 ===================================================== 
coverage:	9443

 ===================================================== 
