Found incumbent of value 0.000000 after 0.00 sec. (1.16 ticks)
Probing time = 0.01 sec. (7.77 ticks)
Clique table members: 2473.
MIP emphasis: balance optimality and feasibility.
MIP search method: dynamic search.
Parallel mode: deterministic, using up to 8 threads.
Root relaxation solution time = 0.10 sec. (134.97 ticks)

        Nodes                                         Cuts/
   Node  Left     Objective  IInf  Best Integer    Best Bound    ItCnt     Gap

*     0+    0                            0.0000    13578.0000      633     --- 
*     0+    0                         9333.0000    13578.0000      633   45.48%
      0     0    12391.8087  3487     9333.0000    12391.8087      633   32.77%
      0     0    11883.2492  3852     9333.0000    Cuts: 3494     3913   27.33%
      0     0    11602.5100  4101     9333.0000    Cuts: 3494     7222   24.32%
*     0+    0                         9842.0000    11602.5100    10068   17.89%
      0     0    11457.3613  4521     9842.0000    Cuts: 3494    10068   16.41%
*     0+    0                        10087.0000    11457.3613    10068   13.59%
*     0+    0                        10130.0000    11457.3613    10068   13.10%
      0     0    11425.6806  4059    10130.0000    Cuts: 2224    11324   12.79%
      0     0    11397.1440  4563    10130.0000    Cuts: 2932    12438   12.51%
      0     0    11376.4646  4398    10130.0000    Cuts: 1078    13206   12.30%
      0     0    11366.6950  4572    10130.0000    Cuts: 2687    13854   12.21%
      0     0    11358.1405  4583    10130.0000    Cuts: 1493    14338   12.12%
      0     0    11353.7701  4580    10130.0000     Cuts: 723    14663   12.08%
      0     0    11350.5893  4629    10130.0000     Cuts: 538    15008   12.05%
*     0+    0                        10262.0000    11350.5893    15008   10.61%
      0     0    11346.8871  4650    10262.0000     Cuts: 942    15419   10.57%
      0     0    11343.9771  4651    10262.0000     Cuts: 583    15691   10.54%
      0     0    11340.8948  4623    10262.0000     Cuts: 471    15921   10.51%
      0     0    11338.8106  4660    10262.0000     Cuts: 362    16178   10.49%
      0     0    11337.3697  4610    10262.0000     Cuts: 397    16363   10.48%
      0     0    11335.7244  4616    10262.0000     Cuts: 351    16484   10.46%
      0     0    11334.6570  4629    10262.0000     Cuts: 455    16624   10.45%
*     0+    0                        10332.0000    11334.6570    16624    9.70%
      0     2    11334.6570  4629    10332.0000    11334.6570    16624    9.70%
Elapsed time = 20.79 sec. (26067.97 ticks, tree = 0.01 MB, solutions = 7)
      1     3    11331.8146  4625    10332.0000    11334.6570    17254    9.70%
      4     6    11331.3614  4628    10332.0000    11333.6927    17321    9.70%
      5     7    11270.5520  4235    10332.0000    11333.6927    19549    9.70%
      7     9    11265.2178  4124    10332.0000    11333.6927    20429    9.70%
     11    13    11328.9685  4535    10332.0000    11333.6651    24221    9.69%
     14    16    11243.8397  4150    10332.0000    11333.6651    25538    9.69%
     16    18    11252.4471  4154    10332.0000    11333.6651    28897    9.69%
     24    26    11250.1222  4243    10332.0000    11333.6651    33393    9.69%
     30    32    11232.9996  4108    10332.0000    11333.6651    37318    9.69%
     44    46    11098.9972  4100    10332.0000    11333.6651    48109    9.69%
Elapsed time = 32.79 sec. (34468.68 ticks, tree = 0.02 MB, solutions = 7)
     74    76    11228.8275  4098    10332.0000    11333.6651    61925    9.69%
     81    83    11071.1409  4108    10332.0000    11333.6651    71485    9.69%
     96    98    11300.6122  4264    10332.0000    11333.6651    79572    9.69%
    140   142    11281.7895  4216    10332.0000    11333.6651   105569    9.69%
    156   158    11280.4856  4220    10332.0000    11333.6651   113979    9.69%
    180   182    11279.1915  4220    10332.0000    11333.6651   126551    9.69%
    244   244    11058.9036  4540    10332.0000    11333.6651   154953    9.69%
    278   278    11323.2785  4467    10332.0000    11333.6651   160964    9.69%
    302   302    11296.5514  4209    10332.0000    11333.6651   167319    9.69%
    345   345    11119.0657  3770    10332.0000    11333.6651   185697    9.69%
Elapsed time = 79.89 sec. (48640.08 ticks, tree = 11.20 MB, solutions = 7)
    401   399    11049.9540  4518    10332.0000    11333.6651   201549    9.69%
    422   418    11053.3087  4175    10332.0000    11333.6651   211252    9.69%
    449   441    11098.3641  3588    10332.0000    11333.6651   229438    9.69%
    479   467    11161.0584  3412    10332.0000    11333.6651   246186    9.69%
    517   501    11173.6870  3988    10332.0000    11333.6651   265629    9.69%
    541   523    11132.6564  4362    10332.0000    11333.6651   278792    9.69%
    550   530    11112.8559  3368    10332.0000    11333.6651   285766    9.69%
    565   541        cutoff          10332.0000    11333.6651   298451    9.69%
*   574+  546                        10367.0000    11333.6651   302591    9.32%
    589   561    11094.0578  3585    10367.0000    11333.6651   310991    9.32%
    687   621    11206.8525  3974    10367.0000    11333.6651   369589    9.32%
Elapsed time = 122.46 sec. (61294.07 ticks, tree = 38.51 MB, solutions = 7)
*   728+  656                        10399.0000    11333.6651   378758    8.99%
    746   672    11223.1525  4035    10399.0000    11333.6651   386646    8.99%
    748   672    11169.8908  3997    10399.0000    11333.6651   387817    8.99%
    764   682    11067.3369  4258    10399.0000    11333.6651   398682    8.99%
    804   708    11033.8106  4155    10399.0000    11333.6651   425115    8.99%
    924   784    11120.1305  3706    10399.0000    11333.6651   488546    8.99%
    933   791    11229.5929  3988    10399.0000    11333.6651   496833    8.99%
    957   811    11167.5755  3050    10399.0000    11333.6651   508312    8.99%
    989   843    11141.0657  3527    10399.0000    11333.6651   527068    8.99%
   1013   865    11204.4297  3942    10399.0000    11333.6651   541562    8.99%
   1624  1029    11199.5304  3931    10399.0000    11333.6651   610609    8.99%
Elapsed time = 174.39 sec. (76332.35 ticks, tree = 32.32 MB, solutions = 9)
   1655  1058    11067.5931  3424    10399.0000    11333.6651   619362    8.99%
   1697  1088    11293.8947  4204    10399.0000    11333.6651   643441    8.99%
   1727  1110    11047.7526  3781    10399.0000    11333.6651   658175    8.99%
   1744  1121    10900.7312  3690    10399.0000    11333.6651   669053    8.99%
   1768  1143    10947.7880  3328    10399.0000    11333.6651   679293    8.99%
*  2329+ 1283                        10452.0000    11333.6651   743704    8.44%
   2340  1296    11174.1576  3413    10452.0000    11333.6651   747869    8.44%
   2364  1314    11031.1795  3818    10452.0000    11333.6651   756327    8.44%
   2412  1360    11155.9904  3406    10452.0000    11333.6651   767962    8.44%
   2444  1388    11096.1597  3261    10452.0000    11333.6651   780244    8.44%
   2461  1403    11103.9874  3457    10452.0000    11333.6651   786719    8.44%
Elapsed time = 226.99 sec. (91054.12 ticks, tree = 32.78 MB, solutions = 9)
   2509  1443    11180.8938  3920    10452.0000    11333.6651   813131    8.44%
*  2674+ 1532                        10581.0000    11333.6651   872053    7.11%
*  2892+ 1553                        10699.0000    11333.1317   895900    5.93%
   2892  1555    11186.8883  3414    10699.0000    11333.1317   895900    5.93%
   2902  1565    11148.4929  3629    10699.0000    11333.1317   904517    5.93%
   2966  1627    11279.7272  3899    10699.0000    11333.1317   930604    5.93%
   2967  1628    11261.5650  3575    10699.0000    11333.1317   932264    5.93%
   3035  1696    11180.5096  3552    10699.0000    11333.1317   963613    5.93%
   3062  1723    11283.2800  4297    10699.0000    11333.1317   976565    5.93%
   3099  1760    11119.3762  2933    10699.0000    11333.1317   994586    5.93%
   3205  1857    11132.4240  2906    10699.0000    11333.1317  1041721    5.93%
   3229  1879    11129.9679  2959    10699.0000    11333.1317  1054741    5.93%
Elapsed time = 275.74 sec. (105287.01 ticks, tree = 36.55 MB, solutions = 11)
   3245  1893    11165.1963  3097    10699.0000    11333.1317  1060102    5.93%
   3277  1925    11166.1002  3874    10699.0000    11333.1317  1078758    5.93%
   3325  1969    11163.3681  3929    10699.0000    11333.1317  1097125    5.93%
   3341  1983    11115.6392  2967    10699.0000    11333.1317  1106525    5.93%
   3373  2013    11148.6050  3429    10699.0000    11333.1317  1122851    5.93%
   3543  2144    11036.7072  3067    10699.0000    11333.1317  1186383    5.93%
   3851  2344    11112.5503  2899    10699.0000    11333.1317  1230673    5.93%
   3870  2363    11089.4451  3135    10699.0000    11333.1317  1237912    5.93%
   3922  2411    11059.7076  3074    10699.0000    11333.1317  1252679    5.93%
   3939  2428    11118.0746  2924    10699.0000    11333.1317  1257938    5.93%
Elapsed time = 328.67 sec. (119306.16 ticks, tree = 40.66 MB, solutions = 12)
   3971  2454    infeasible          10699.0000    11333.1317  1272143    5.93%
   3995  2476    11119.1794  2947    10699.0000    11333.1317  1281145    5.93%
   4019  2496    11108.6864  2860    10699.0000    11333.1317  1289866    5.93%
   4035  2510    11113.8279  2975    10699.0000    11333.1317  1297525    5.93%
   4051  2524    11145.7099  3913    10699.0000    11333.1317  1306093    5.93%
   4075  2548    11110.1258  2954    10699.0000    11333.1317  1315526    5.93%
   4753  2984    11137.2740  3484    10699.0000    11333.1317  1481299    5.93%
   4805  3026    11196.1667  3628    10699.0000    11333.1317  1496880    5.93%
   4821  3040    11086.7118  4197    10699.0000    11333.1317  1506505    5.93%
   4861  3074    11193.0193  3627    10699.0000    11333.1317  1521631    5.93%
Elapsed time = 375.82 sec. (133600.94 ticks, tree = 44.23 MB, solutions = 12)
   4885  3094    11195.2296  3632    10699.0000    11333.1317  1529172    5.93%
   4917  3118    11004.7492  2866    10699.0000    11333.1317  1538489    5.93%
   4949  3142    11144.5368  3284    10699.0000    11333.1317  1548377    5.93%
   4981  3166    11192.5805  3508    10699.0000    11333.1317  1560638    5.93%
   5045  3208    11129.2268  3567    10699.0000    11333.1317  1583030    5.93%
   5824  3484        cutoff          10699.0000    11333.0795  1728898    5.93%
   5850  3506    11188.4294  3367    10699.0000    11333.0795  1736822    5.93%
   5874  3528    11162.6641  3245    10699.0000    11333.0795  1747373    5.93%
   5906  3558    11208.9045  3236    10699.0000    11333.0795  1758422    5.93%
   5922  3572    11185.8988  3940    10699.0000    11333.0795  1766434    5.93%
Elapsed time = 429.62 sec. (149046.81 ticks, tree = 44.03 MB, solutions = 12)
   5938  3586    11193.6176  2973    10699.0000    11333.0795  1772786    5.93%
   5970  3612    11198.1080  4112    10699.0000    11333.0795  1788538    5.93%
   5994  3634    11178.6835  3789    10699.0000    11333.0795  1799911    5.93%
   6010  3646    11179.0215  3936    10699.0000    11333.0795  1811844    5.93%
   6050  3674    11196.1474  4036    10699.0000    11333.0795  1834347    5.93%
   6082  3698    11172.6962  3566    10699.0000    11333.0795  1848215    5.93%
   6130  3734    11167.7566  3629    10699.0000    11333.0795  1869325    5.93%
   6162  3756    11152.7813  3275    10699.0000    11333.0795  1890022    5.93%
   6913  4344    11136.1762  3191    10699.0000    11328.1312  2024790    5.88%
   7000  4411    10974.0149  4394    10699.0000    11328.1312  2054840    5.88%
Elapsed time = 488.28 sec. (165305.17 ticks, tree = 52.57 MB, solutions = 12)
   7088  4469    10965.0312  4574    10699.0000    11328.1312  2094735    5.88%
   7160  4517    10963.4290  4391    10699.0000    11328.1312  2122601    5.88%
   7296  4601    10897.5723  4291    10699.0000    11328.1312  2175939    5.88%
   8050  5031    11293.2529  4312    10699.0000    11326.8026  2375026    5.87%
   8132  5097    10794.8933  5217    10699.0000    11326.8026  2419012    5.87%
   8172  5126    10791.8933  5216    10699.0000    11326.8026  2440675    5.87%
   8244  5184    11034.3704  3507    10699.0000    11326.8026  2474070    5.87%
   8292  5220        cutoff          10699.0000    11326.8026  2503006    5.87%
   9693  6367    11208.0470  3542    10699.0000    11326.8026  2699346    5.87%
   9820  6472    10893.0068  2730    10699.0000    11326.8026  2748270    5.87%
Elapsed time = 639.55 sec. (207542.28 ticks, tree = 65.35 MB, solutions = 12)
   9907  6551    10788.0740  5381    10699.0000    11326.8026  2798564    5.87%
   9955  6597    10774.5575  5069    10699.0000    11326.8026  2829491    5.87%
  10019  6649    10758.7771  5168    10699.0000    11326.8026  2863168    5.87%
  10413  6989    10922.7421  4645    10699.0000    11326.8026  3012977    5.87%
  11064  7630    11037.8717  3447    10699.0000    11321.5282  3132514    5.82%
  11160  7716    10989.6546  4469    10699.0000    11321.5282  3198820    5.82%
  11240  7786    10911.2654  4610    10699.0000    11321.5282  3248492    5.82%
  11312  7845    10905.4785  4604    10699.0000    11321.5282  3303492    5.82%
  11360  7886    10902.4785  4605    10699.0000    11321.5282  3344834    5.82%
  12611  9071    11141.1187  3119    10699.0000    11319.1379  3531809    5.80%
Elapsed time = 819.77 sec. (257316.74 ticks, tree = 92.81 MB, solutions = 12)
  12670  9126    10795.3342  4273    10699.0000    11319.1379  3568018    5.80%
  12739  9193    11097.3606  3046    10699.0000    11319.1379  3602847    5.80%
  12771  9221    11082.3331  2941    10699.0000    11319.1379  3628654    5.80%
  12803  9251    11056.8570  3405    10699.0000    11319.1379  3649640    5.80%
  12889  9325    10875.8398  5218    10699.0000    11319.1379  3695877    5.80%
  14603 10963    10967.9093  4289    10699.0000    11316.2281  3898087    5.77%
  14663 11011    10797.7433  4511    10699.0000    11316.2281  3936887    5.77%
  14743 11075    10772.0082  4224    10699.0000    11316.2281  3990745    5.77%
  14791 11113    11010.7527  2739    10699.0000    11316.2281  4018560    5.77%
  14879 11181        cutoff          10699.0000    11316.2281  4084729    5.77%
Elapsed time = 995.03 sec. (302175.12 ticks, tree = 108.34 MB, solutions = 12)
  16043 12153    11134.1050  4057    10699.0000    11316.2281  4254709    5.77%
  16164 12252    10959.6890  2865    10699.0000    11316.2281  4299229    5.77%
  16244 12324    11244.2792  4258    10699.0000    11316.2281  4321891    5.77%
  16363 12421    10925.1655  4019    10699.0000    11316.2281  4369292    5.77%
  16435 12479    10920.8210  4017    10699.0000    11316.2281  4391653    5.77%
  16483 12519    10917.8210  4017    10699.0000    11316.2281  4409515    5.77%
  18236 14127    11100.9181  3789    10699.0000    11316.2281  4628586    5.77%
  18307 14196    10999.0041  4377    10699.0000    11316.2281  4662051    5.77%
  18363 14250    10995.5041  4378    10699.0000    11316.2281  4688341    5.77%
  18411 14296    10992.5041  4377    10699.0000    11316.2281  4709890    5.77%
Elapsed time = 1176.67 sec. (348885.08 ticks, tree = 129.40 MB, solutions = 12)
  18459 14344    11055.9889  2227    10699.0000    11316.2281  4727381    5.77%
  20117 15960    11124.8222  3299    10699.0000    11307.3806  4934245    5.69%
  20159 16000    10824.6644  4256    10699.0000    11307.3806  4968534    5.69%
  20211 16044    10936.9678  4476    10699.0000    11307.3806  4994384    5.69%
  20259 16082    10934.5458  4472    10699.0000    11307.3806  5018699    5.69%
  20307 16128    11029.7498  2933    10699.0000    11307.3806  5042552    5.69%
  20339 16160    10930.9957  4470    10699.0000    11307.3806  5058118    5.69%
  21574 17344    11055.1412  3815    10699.0000    11304.0074  5273394    5.65%
  21649 17415    10906.7346  4358    10699.0000    11304.0074  5313772    5.65%
  21726 17484    11045.2514  3809    10699.0000    11304.0074  5368550    5.65%
Elapsed time = 1340.19 sec. (390766.72 ticks, tree = 150.41 MB, solutions = 12)
Nodefile size = 19.65 MB (11.25 MB after compression)
  21793 17549    10915.5925  3289    10699.0000    11304.0074  5414332    5.65%
  21846 17602    11038.3144  3810    10699.0000    11304.0074  5449957    5.65%
  21921 17671        cutoff          10699.0000    11304.0074  5503508    5.65%
  23307 19057    11118.8961  3658    10699.0000    11304.0074  5630163    5.65%
  23383 19117    10847.2672  4043    10699.0000    11304.0074  5678995    5.65%
  23455 19179        cutoff          10699.0000    11304.0074  5716175    5.65%
  23516 19228    10752.6506  4788    10699.0000    11304.0074  5763305    5.65%
  23548 19258    10750.6506  4790    10699.0000    11304.0074  5783958    5.65%
  24298 19950    11152.1095  3957    10699.0000    11304.0074  5968614    5.65%
  24365 20005    11080.1822  3805    10699.0000    11304.0074  6000517    5.65%
Elapsed time = 1511.12 sec. (433503.14 ticks, tree = 167.91 MB, solutions = 12)
Nodefile size = 36.48 MB (20.95 MB after compression)
  24437 20057    11076.4997  3804    10699.0000    11304.0074  6051490    5.65%
  24485 20097    11073.4997  3805    10699.0000    11304.0074  6092097    5.65%
  24521 20129    10737.5714  4723    10699.0000    11304.0074  6129402    5.65%
  24553 20153    10735.5714  4724    10699.0000    11304.0074  6150525    5.65%
  25802 21360    11064.4954  3803    10699.0000    11298.7089  6329669    5.61%
  25846 21398    10730.4779  4720    10699.0000    11298.7089  6355269    5.61%
  25902 21448        cutoff          10699.0000    11298.7089  6381331    5.61%
  25966 21508    10732.0393  4134    10699.0000    11298.7089  6415918    5.61%
  26014 21550    10717.4068  4692    10699.0000    11298.7089  6444540    5.61%
  27716 23118    11117.8874  3411    10699.0000    11297.5602  6674826    5.59%
Elapsed time = 1695.20 sec. (480607.30 ticks, tree = 187.82 MB, solutions = 12)
Nodefile size = 57.98 MB (31.80 MB after compression)
  27854 23254    11083.7036  3192    10699.0000    11297.5602  6724278    5.59%
  27914 23310    10705.5905  4056    10699.0000    11297.5602  6757963    5.59%
  27962 23354    11166.8980  4078    10699.0000    11297.5602  6800341    5.59%
  28051 23443    11002.3018  2562    10699.0000    11297.5602  6846363    5.59%
  29143 24529    10933.3570  2872    10699.0000    11295.6815  7007097    5.58%
  29176 24562    10758.4916  4277    10699.0000    11295.6815  7034586    5.58%
  29240 24622        cutoff          10699.0000    11295.6815  7050636    5.58%
  29320 24698    10779.3282  4202    10699.0000    11295.6815  7090893    5.58%
  29368 24740        cutoff          10699.0000    11295.6815  7111552    5.58%
  29526 24884    10776.9986  3992    10699.0000    11295.6815  7196770    5.58%
Elapsed time = 1885.27 sec. (527039.82 ticks, tree = 200.79 MB, solutions = 12)
Nodefile size = 67.04 MB (36.09 MB after compression)
  30720 26030    11079.3799  3326    10699.0000    11295.6815  7346791    5.58%
  30774 26080    10750.4751  3975    10699.0000    11295.6815  7374709    5.58%
  30822 26124    10864.1786  2920    10699.0000    11295.6815  7390977    5.58%
  30878 26166    10744.9564  3970    10699.0000    11295.6815  7417376    5.58%
  30910 26192    10704.0969  3886    10699.0000    11295.6815  7430901    5.58%
  32133 27357    10769.2171  3537    10699.0000    11295.6815  7661343    5.58%
  32211 27425    10912.2434  3240    10699.0000    11295.6815  7703108    5.58%
  32264 27472    10940.0297  3154    10699.0000    11295.6815  7740904    5.58%
  32291 27495    10905.0465  3239    10699.0000    11295.6815  7762235    5.58%
  32323 27523    10988.0438  3359    10699.0000    11295.6815  7781079    5.58%
Elapsed time = 2084.84 sec. (572740.27 ticks, tree = 217.71 MB, solutions = 12)
Nodefile size = 86.42 MB (42.82 MB after compression)
  33541 28695        cutoff          10699.0000    11295.4746  7970525    5.58%
  33559 28711    10817.9005  4392    10699.0000    11295.4746  7993211    5.58%
  33591 28738    10815.9005  4391    10699.0000    11295.4746  8023406    5.58%
  33650 28783    10893.2653  3242    10699.0000    11295.4746  8058147    5.58%
  33687 28814    10810.2232  4390    10699.0000    11295.4746  8083822    5.58%
  35382 30266    11029.4945  3406    10699.0000    11295.4746  8266968    5.58%
  35604 30488    10858.7766  3893    10699.0000    11291.5952  8306465    5.54%
  35649 30533    10864.0299  3895    10699.0000    11291.5952  8338554    5.54%
  35689 30569    10777.3468  3429    10699.0000    11291.5952  8356804    5.54%
  35729 30607    10771.8084  3520    10699.0000    11291.5952  8382630    5.54%
Elapsed time = 2286.02 sec. (621781.75 ticks, tree = 239.40 MB, solutions = 12)
Nodefile size = 108.07 MB (50.05 MB after compression)
  35831 30698    10881.7530  3635    10699.0000    11291.5952  8458607    5.54%
  37190 31973    10737.6803  3464    10699.0000    11289.7965  8613304    5.52%
  37240 32023    10950.4519  4389    10699.0000    11289.7965  8652393    5.52%
  37288 32067    10815.7895  3766    10699.0000    11289.7965  8689355    5.52%
  37328 32103    10832.0619  3803    10699.0000    11289.7965  8724315    5.52%
  38642 33355    11059.6266  4513    10699.0000    11289.0982  8905005    5.52%
  38697 33406    10949.0010  4042    10699.0000    11289.0982  8931238    5.52%
  38727 33432    10709.6012  4943    10699.0000    11289.0982  8950595    5.52%
  38751 33452    10802.5081  3741    10699.0000    11289.0982  8967948    5.52%
  38791 33486    10821.0678  3805    10699.0000    11289.0982  8984913    5.52%
Elapsed time = 2508.78 sec. (674770.83 ticks, tree = 257.83 MB, solutions = 12)
Nodefile size = 127.84 MB (56.41 MB after compression)
  40305 34942    11014.1490  4169    10699.0000    11286.1435  9195844    5.49%
  40335 34972    10919.6385  3060    10699.0000    11286.1435  9225256    5.49%
  40392 35025    10825.7768  3364    10699.0000    11286.1435  9253248    5.49%
  40448 35079    10735.6044  3766    10699.0000    11286.1435  9291950    5.49%
  40486 35115    10710.3215  4092    10699.0000    11286.1435  9315315    5.49%
  40518 35147    10744.1610  4284    10699.0000    11286.1435  9337610    5.49%
  41602 36050    11014.1650  3969    10699.0000    11285.2196  9531361    5.48%
  41634 36082    11009.7021  3969    10699.0000    11285.2196  9558676    5.48%
  41694 36134    10824.9994  4008    10699.0000    11285.2196  9604549    5.48%
  41733 36167    10967.4381  4177    10699.0000    11285.2196  9644030    5.48%
Elapsed time = 2732.24 sec. (729033.93 ticks, tree = 277.47 MB, solutions = 12)
Nodefile size = 146.35 MB (61.24 MB after compression)
  42763 37119        cutoff          10699.0000    11284.9051  9835208    5.48%
  42798 37152    10783.0991  5096    10699.0000    11284.9051  9865482    5.48%
  42838 37192    10780.8850  5090    10699.0000    11284.9051  9896689    5.48%
  42870 37224    10779.4719  5086    10699.0000    11284.9051  9920115    5.48%
  42902 37254    10777.4719  5086    10699.0000    11284.9051  9943281    5.48%
  44063 38400    10910.0375  3844    10699.0000    11284.5578 10131145    5.47%
  44101 38434    10768.8568  5137    10699.0000    11284.5578 10159439    5.47%
  44133 38464    10766.8568  5137    10699.0000    11284.5578 10192053    5.47%
  44165 38492    10764.8568  5137    10699.0000    11284.5578 10213075    5.47%
  44197 38518    10731.5513  3757    10699.0000    11284.5578 10237413    5.47%
Elapsed time = 2950.01 sec. (779366.81 ticks, tree = 293.22 MB, solutions = 12)
Nodefile size = 162.85 MB (65.46 MB after compression)
  45494 39668    10783.0599  5013    10699.0000    11284.1208 10442957    5.47%
  45531 39693    10726.1030  3430    10699.0000    11284.1208 10471988    5.47%
  45574 39728    10863.3330  4944    10699.0000    11284.1208 10492843    5.47%
  45598 39750    10988.2741  4338    10699.0000    11284.1208 10513154    5.47%
  45659 39797    10852.6534  4103    10699.0000    11284.1208 10549194    5.47%
  45705 39835    10726.8022  6016    10699.0000    11284.1208 10586883    5.47%
  46674 40716    10767.4411  3933    10699.0000    11283.2791 10766748    5.46%
  46695 40735    11099.9261  3882    10699.0000    11283.2791 10782194    5.46%
  46770 40802    10873.3763  4543    10699.0000    11283.2791 10821067    5.46%
  46810 40838    10858.1272  4643    10699.0000    11283.2791 10836311    5.46%
Elapsed time = 3147.49 sec. (827752.71 ticks, tree = 308.92 MB, solutions = 12)
Nodefile size = 178.69 MB (69.48 MB after compression)
  46850 40870    10808.5500  3926    10699.0000    11283.2791 10851446    5.46%
  48333 42317    11019.5343  3365    10699.0000    11281.4969 11063389    5.44%
  48365 42345    10771.7218  2970    10699.0000    11281.4969 11090879    5.44%
  48401 42377    10828.3868  4609    10699.0000    11281.4969 11114656    5.44%
  48433 42403    10826.9201  4605    10699.0000    11281.4969 11137523    5.44%
  48465 42433    10823.0192  4128    10699.0000    11281.4969 11156819    5.44%
  50053 43934    10899.1510  3627    10699.0000    11281.4969 11372247    5.44%
  50076 43953    11127.5717  3815    10699.0000    11281.4969 11389321    5.44%
  50110 43983    10735.5471  6355    10699.0000    11281.4969 11411521    5.44%
  50142 44013    10806.9299  4200    10699.0000    11281.4969 11426313    5.44%
Elapsed time = 3340.15 sec. (880126.79 ticks, tree = 331.89 MB, solutions = 12)
Nodefile size = 201.83 MB (75.85 MB after compression)
  50174 44043    10862.5126  4489    10699.0000    11281.4969 11438838    5.44%
  50238 44103    10794.0000  3987    10699.0000    11281.4969 11461819    5.44%
  51794 45606    11070.7531  3704    10699.0000    11281.4969 11672833    5.44%
  51804 45616    10854.7006  3952    10699.0000    11281.4969 11687989    5.44%
  51913 45708        cutoff          10699.0000    11281.4969 11734525    5.44%
  51985 45776        cutoff          10699.0000    11281.4969 11758050    5.44%
  52025 45812    10770.0170  4181    10699.0000    11281.4969 11772991    5.44%
  52073 45858    10826.9799  5312    10699.0000    11281.4969 11787009    5.44%
  53750 47372    11067.9714  4716    10699.0000    11281.4969 11954174    5.44%
  53757 47379    11060.8057  3626    10699.0000    11281.4969 11969723    5.44%
Elapsed time = 3511.81 sec. (928207.47 ticks, tree = 356.07 MB, solutions = 12)
Nodefile size = 225.34 MB (81.72 MB after compression)
  53781 47401    10932.1395  3415    10699.0000    11281.4969 11978760    5.44%
  53903 47503    10718.8298  4602    10699.0000    11281.4969 12031178    5.44%
  53967 47559    10807.2857  4089    10699.0000    11281.4969 12050791    5.44%
  55588 49136    11013.1422  4079    10699.0000    11281.4969 12183814    5.44%
  55707 49245    10796.8552  3165    10699.0000    11278.8337 12212018    5.42%

Clique cuts applied:  541
Cover cuts applied:  8557
Implied bound cuts applied:  3430
Zero-half cuts applied:  476
Gomory fractional cuts applied:  34

Root node processing (before b&c):
  Real time             =   20.72 sec. (25980.12 ticks)
Parallel b&c, 8 threads:
  Real time             = 3579.62 sec. (930165.75 ticks)
  Sync time (average)   =    0.03 sec.
  Wait time (average)   =    0.00 sec.
                          ------------
Total (root+branch&cut) = 3600.34 sec. (956145.87 ticks)

 ===================================================== 
 Model has 13579 rows and 13622 columns
 Objective   :         10699.0000
 UB          :         12624.8030
 LP gap      :            17.9998 (%)
 Status      :           Feasible
 GAP         :             5.4195 (%)
 Time        :           27759.51
 Iterations  :           12244770
 # B&B nodes :              55891
 # nodes left:              49422

 Solution includes 13 access points 
 ===================================================== 
solution:	5 6 8 10 14 16 20 24 25 26 27 31 35 
 ===================================================== 
coverage:	10699

 ===================================================== 
