Found incumbent of value 0.000000 after 0.00 sec. (1.16 ticks)
Probing fixed 84 vars, tightened 0 bounds.
Probing time = 0.35 sec. (303.16 ticks)
Clique table members: 145763.
MIP emphasis: balance optimality and feasibility.
MIP search method: dynamic search.
Parallel mode: deterministic, using up to 8 threads.
Root relaxation solution time = 0.02 sec. (26.54 ticks)

        Nodes                                         Cuts/
   Node  Left     Objective  IInf  Best Integer    Best Bound    ItCnt     Gap

*     0+    0                            0.0000    13578.0000      483     --- 
*     0+    0                          713.0000    13578.0000      483     --- 
      0     0     7778.8000 10722      713.0000     7778.8000      483  991.00%
*     0+    0                          825.0000     7778.8000      483  842.88%
*     0+    0                         2362.0000     7778.8000     3675  229.33%
      0     0     6727.5525 10034     2362.0000    Cuts: 3494     3675  184.82%
      0     0     6109.2920 10723     2362.0000    Cuts: 3494     8050  158.65%
      0     0     5852.2464 10487     2362.0000    Cuts: 3494    10248  147.77%
      0     0     5656.9645  9698     2362.0000    Cuts: 3494    12391  139.50%
      0     0     5563.6732 10008     2362.0000    Cuts: 3494    13552  135.55%
      0     0     5491.0775  9924     2362.0000    Cuts: 3494    14674  132.48%
      0     0     5452.1174 10348     2362.0000    Cuts: 3494    15281  130.83%
      0     0     5415.1536 10906     2362.0000    Cuts: 3494    16155  129.26%
      0     0     5401.6338 10689     2362.0000    Cuts: 3494    16536  128.69%
      0     0     5372.8816 10160     2362.0000    Cuts: 3494    17223  127.47%
      0     0     5360.3236  9439     2362.0000    Cuts: 3494    17662  126.94%
      0     0     5329.0076 10782     2362.0000    Cuts: 3494    18395  125.61%
      0     0     5317.3520 10727     2362.0000    Cuts: 3494    18778  125.12%
      0     0     5288.7447 11134     2362.0000    Cuts: 3494    19608  123.91%
      0     0     5273.3385 10613     2362.0000    Cuts: 3494    20045  123.26%
      0     0     5265.6498 11050     2362.0000    Cuts: 3494    20411  122.93%
      0     0     5251.6289 10681     2362.0000    Cuts: 3494    20901  122.34%
      0     0     5227.0745 10865     2362.0000    Cuts: 3264    21800  121.30%
      0     0     5206.7744 10979     2362.0000    Cuts: 3494    22295  120.44%
      0     0     5197.9760 10084     2362.0000    Cuts: 2847    22646  120.07%
*     0+    0                         2691.0000     5197.9760    23145   93.16%
      0     0     5183.9834 10529     2691.0000    Cuts: 3494    23145   92.64%
      0     0     5174.4968 10341     2691.0000    Cuts: 3119    23608   92.29%
      0     0     5165.9909 10760     2691.0000    Cuts: 3429    24091   91.97%
      0     0     5162.0386 10787     2691.0000    Cuts: 2242    24247   91.83%
      0     0     5159.6958 10886     2691.0000    Cuts: 2308    24449   91.74%
      0     0     5157.1171 10833     2691.0000    Cuts: 1908    24587   91.64%
      0     0     5155.6754 10886     2691.0000     Cuts: 571    24671   91.59%
      0     0     5154.9018 10798     2691.0000     Cuts: 916    24746   91.56%
      0     0     5153.5530 10888     2691.0000     Cuts: 546    24830   91.51%
      0     0     5152.2750 10720     2691.0000     Cuts: 167    24925   91.46%
      0     0     5150.6817 10798     2691.0000     Cuts: 506    25022   91.40%
Heuristic still looking.
      0     2     5150.6817 10798     2691.0000     5150.6817    25022   91.40%
Elapsed time = 75.43 sec. (84668.71 ticks, tree = 0.01 MB, solutions = 5)
      3     5     4850.8957  7256     2691.0000     5150.1168    26403   91.38%
      7     7        cutoff           2691.0000     5150.0097    27537   91.38%
      8     8     4810.1378  8013     2691.0000     5150.0097    30598   91.38%
     11     9     4702.5128  9483     2691.0000     5150.0097    33312   91.38%
     14    12     4694.8589  9463     2691.0000     5150.0097    35914   91.38%
     18    16     4444.2129  7190     2691.0000     5150.0097    38837   91.38%
     21    19     4443.4903  7200     2691.0000     5150.0097    44102   91.38%
     58    44     4620.0168  6570     2691.0000     5150.0097    53154   91.38%
     62    44     4874.8410  8171     2691.0000     5150.0097    59162   91.38%
     73    47     2697.2765    16     2691.0000     5150.0097    75453   91.38%
Elapsed time = 94.20 sec. (99364.95 ticks, tree = 0.01 MB, solutions = 5)
    104    62     4850.7311  8042     2691.0000     5150.0097    82663   91.38%
    244   134     5125.8133 10724     2691.0000     5150.0097   106646   91.38%
    245   135     4693.6011  8053     2691.0000     5150.0097   111002   91.38%
    246   136     4506.7380  8376     2691.0000     5150.0097   116784   91.38%
    251   141     4501.4191  8696     2691.0000     5150.0097   142535   91.38%
    252   142     4671.2068  9019     2691.0000     5150.0097   149872   91.38%
    257   141     4493.8705  9434     2691.0000     5150.0097   159044   91.38%
    404   202     4572.0438  8688     2691.0000     5150.0097   181665   91.38%
    406   204     4678.5694  9061     2691.0000     5150.0097   188343   91.38%
    421   215     4495.1720  8678     2691.0000     5150.0097   198185   91.38%
Elapsed time = 179.34 sec. (128928.63 ticks, tree = 0.47 MB, solutions = 5)
    706   388     4626.6210  8902     2691.0000     5150.0097   241804   91.38%
    983   567     4625.6210  8900     2691.0000     5150.0097   273769   91.38%
    998   576     4491.8802  8677     2691.0000     5150.0097   284317   91.38%
   2358  1512     4670.9174  9044     2691.0000     5150.0097   337192   91.38%
   2373  1523     4485.2358  8662     2691.0000     5150.0097   347551   91.38%
   3304  1913     4618.4737  8886     2691.0000     5150.0097   403531   91.38%
   4277  2346     4616.3975  8880     2691.0000     5150.0097   468340   91.38%
   4293  2358     4646.8861  8996     2691.0000     5150.0097   481872   91.38%
   5368  2716     5111.7425 10695     2691.0000     5150.0097   553985   91.38%
   5376  2720     4613.3213  8876     2691.0000     5150.0097   563039   91.38%
Elapsed time = 340.65 sec. (175368.86 ticks, tree = 15.49 MB, solutions = 5)
   5392  2734     4612.3213  8879     2691.0000     5150.0097   583062   91.38%
   5985  2925     4609.5556  8874     2691.0000     5150.0097   657199   91.38%
   6001  2935     4608.5556  8874     2691.0000     5150.0097   673167   91.38%
   6783  3208     3956.4606  5665     2691.0000     5150.0097   758688   91.38%
   6789  3212     4607.1216  8870     2691.0000     5150.0097   768507   91.38%
   6805  3220     4606.1216  8870     2691.0000     5150.0097   780474   91.38%
   7982  3891     4650.8796  8954     2691.0000     5150.0097   883499   91.38%
   7998  3901     4604.2020  8874     2691.0000     5150.0097   895642   91.38%
   8014  3915     4603.2020  8873     2691.0000     5150.0097   906043   91.38%
   9993  5024     4450.7928  7594     2691.0000     5150.0097  1024973   91.38%
Elapsed time = 495.35 sec. (221353.02 ticks, tree = 31.21 MB, solutions = 5)
  10000  5027     5102.5637 10676     2691.0000     5150.0097  1025858   91.38%
  10008  5033     4636.4012  9130     2691.0000     5150.0097  1031687   91.38%
  13498  6982     4577.5623  8285     2691.0000     5150.0097  1127563   91.38%
  13514  6993     4635.9786  8448     2691.0000     5150.0097  1132318   91.38%
  13530  7005     4617.4834  8361     2691.0000     5150.0097  1137376   91.38%
  13546  7017     4664.1629  8618     2691.0000     5150.0097  1142170   91.38%
  16445  7584     5098.5309 10668     2691.0000     5150.0097  1238514   91.38%
  16453  7591     4605.9357  8421     2691.0000     5150.0097  1249721   91.38%
  18103  8239     4644.6851  8506     2691.0000     5148.2085  1347128   91.31%
  18119  8253     4654.9402  8918     2691.0000     5148.2085  1352490   91.31%
Elapsed time = 658.48 sec. (262272.02 ticks, tree = 60.31 MB, solutions = 5)
  18135  8265     4708.6833  8668     2691.0000     5148.2085  1360144   91.31%
  19282  8837     4737.9421  7448     2691.0000     5148.2085  1479641   91.31%
  19298  8849     4690.2406  9283     2691.0000     5148.2085  1484624   91.31%
  19314  8863     4652.4375  9060     2691.0000     5148.2085  1490137   91.31%
  19330  8873     4630.5126  8598     2691.0000     5148.2085  1496872   91.31%
  20435  9534     4554.0501  8947     2691.0000     5148.2085  1590154   91.31%
  20439  9538     4650.1076  8851     2691.0000     5148.2085  1595682   91.31%
  20455  9548     4673.5365  9178     2691.0000     5148.2085  1602628   91.31%
  20471  9558     4663.4159  9181     2691.0000     5148.2085  1608464   91.31%
  22156 10677     4661.4247  9178     2691.0000     5148.2085  1709306   91.31%
Elapsed time = 767.53 sec. (292785.54 ticks, tree = 82.44 MB, solutions = 5)
  22172 10687     4683.0587  9273     2691.0000     5148.2085  1714540   91.31%
  22188 10697     4682.0650  9271     2691.0000     5148.2085  1719628   91.31%
  22204 10707     4658.7426  9177     2691.0000     5148.2085  1724747   91.31%
  23868 11871     4404.0886  6624     2691.0000     5148.2085  1821712   91.31%
  23869 11872     4650.7496  8630     2691.0000     5148.2085  1825959   91.31%
  23885 11880     4653.2335  9078     2691.0000     5148.2085  1831853   91.31%
  23901 11890     4653.3545  9089     2691.0000     5148.2085  1838589   91.31%
  24860 12465     4654.8293  9171     2691.0000     5148.2085  1933597   91.31%
  24876 12471     4668.6991  9179     2691.0000     5148.2085  1943650   91.31%
  24892 12479     4645.2556  8623     2691.0000     5148.2085  1950527   91.31%
Elapsed time = 876.26 sec. (320900.69 ticks, tree = 98.78 MB, solutions = 5)
  24908 12487     4674.5730  9256     2691.0000     5148.2085  1956136   91.31%
  26394 13414     4532.2845  8088     2691.0000     5148.2085  2062153   91.31%
  26410 13424     4643.0924  8629     2691.0000     5148.2085  2069823   91.31%
  26426 13434     4672.2393  9261     2691.0000     5148.2085  2075724   91.31%
  27977 14570     4608.7031  7464     2691.0000     5148.2085  2177046   91.31%
  27979 14572     4542.7719  8262     2691.0000     5148.2085  2182844   91.31%
  27995 14580     4649.3756  8939     2691.0000     5148.2085  2188376   91.31%
  28011 14592     4667.3645  9247     2691.0000     5148.2085  2198391   91.31%
  29072 15207     4667.9326  9256     2691.0000     5148.2085  2296126   91.31%
  29088 15213     4548.7729  8297     2691.0000     5148.2085  2302697   91.31%
Elapsed time = 1003.66 sec. (350081.76 ticks, tree = 124.13 MB, solutions = 5)
  29248 15289     4479.2694  7127     2691.0000     5148.2085  2323244   91.31%
  29344 15323        cutoff           2691.0000     5148.2085  2338736   91.31%
  30724 15947        cutoff           2691.0000     5148.2085  2418916   91.31%
  30740 15952     4595.1927  8848     2691.0000     5148.2085  2430418   91.31%
  30756 15964     4502.4906  8554     2691.0000     5148.2085  2437973   91.31%
  32087 16843     4658.4463  8605     2691.0000     5148.2085  2533314   91.31%
  32103 16853     4679.3754  9258     2691.0000     5148.2085  2540940   91.31%
  32119 16867     3381.1169  6707     2691.0000     5148.2085  2548930   91.31%
  33195 17491     4458.5663  8137     2691.0000     5148.2085  2617373   91.31%
  33197 17493     4660.7255  8996     2691.0000     5148.2085  2626230   91.31%
Elapsed time = 1121.92 sec. (382928.96 ticks, tree = 146.92 MB, solutions = 5)
Nodefile size = 17.92 MB (8.77 MB after compression)
  33213 17501     3398.1377  8604     2691.0000     5148.2085  2646742   91.31%
  34169 17782     4911.3157  8896     2691.0000     5148.2085  2741325   91.31%
  34215 17802        cutoff           2691.0000     5148.2085  2750708   91.31%
  34231 17812     4627.0323  7388     2691.0000     5148.2085  2755261   91.31%
  34255 17818     3350.0114  9484     2691.0000     5148.2085  2766840   91.31%
  36306 18789     3070.8592  8261     2691.0000     5148.2085  2854923   91.31%
  36482 18901     3030.1173  8624     2691.0000     5148.2085  2864347   91.31%
  36557 18948        cutoff           2691.0000     5148.2085  2868477   91.31%
  36572 18959     3129.0368  8866     2691.0000     5148.2085  2874631   91.31%
  36909 19180        cutoff           2691.0000     5148.2085  2891864   91.31%
Elapsed time = 1215.20 sec. (408739.19 ticks, tree = 158.58 MB, solutions = 5)
Nodefile size = 28.89 MB (14.87 MB after compression)
  39511 20676     4753.0660  8828     2691.0000     5148.2085  2957139   91.31%
  39552 20691        cutoff           2691.0000     5148.2085  2968464   91.31%
  39651 20722     4442.1261  8882     2691.0000     5148.2085  2996136   91.31%
  41761 21803     3087.9802  6756     2691.0000     5148.2085  3059058   91.31%
  41828 21848     4708.9842  8400     2691.0000     5148.2085  3069419   91.31%
  43265 22699     3339.8297  9441     2691.0000     5148.2085  3140835   91.31%
  43706 22934     4455.2559  6253     2691.0000     5148.2085  3162900   91.31%
  43727 22951     4661.3054  9348     2691.0000     5148.2085  3165571   91.31%
  47221 26031     4629.0743  8926     2691.0000     5148.2085  3227617   91.31%
  47554 26360     4002.9576  8411     2691.0000     4893.0314  3236632   81.83%
Elapsed time = 1361.54 sec. (453700.34 ticks, tree = 227.85 MB, solutions = 5)
Nodefile size = 98.55 MB (53.53 MB after compression)
  47614 26392        cutoff           2691.0000     4893.0314  3252365   81.83%
  50238 28985     4093.8317  5839     2691.0000     4850.4338  3301616   80.25%
  50254 28997     4027.5560  7569     2691.0000     4850.4338  3312595   80.25%
  52826 31409     3392.8482  9635     2691.0000     4834.4606  3376974   79.65%
  54762 33127     3601.0069  5072     2691.0000     4810.9718  3458512   78.78%
  54786 33137     4461.4221  8072     2691.0000     4810.9718  3471424   78.78%
  56290 34441     3863.3423  6728     2691.0000     4773.9001  3552248   77.40%
  56309 34456     3371.2516  9642     2691.0000     4773.9001  3564921   77.40%
  58897 36608     4476.9751  8499     2691.0000     4728.2998  3652518   75.71%
  59245 36870     3304.8091  9687     2691.0000     4728.2998  3696900   75.71%
Elapsed time = 1564.18 sec. (517075.61 ticks, tree = 325.05 MB, solutions = 5)
Nodefile size = 196.09 MB (95.50 MB after compression)
  60655 38194     3247.6976  9619     2691.0000     4707.7585  3744501   74.94%
  60713 38246     4193.1610  7337     2691.0000     4707.7585  3758942   74.94%
  61891 39348     4485.0728  8712     2691.0000     4707.7585  3823425   74.94%
  61915 39368     4308.7848  7999     2691.0000     4707.7585  3829490   74.94%
  64073 41238     3299.5820  9678     2691.0000     4707.7585  3883868   74.94%
  64966 42027     3108.1457  9621     2691.0000     4707.7585  3935528   74.94%
  65650 42701     4317.9210  8839     2691.0000     4693.6408  3981768   74.42%
  66685 43656     4546.2529  8764     2691.0000     4693.6408  4035856   74.42%
  66741 43712     4330.7751  8463     2691.0000     4693.6408  4049688   74.42%
  68472 45441     3878.2871  7439     2691.0000     4693.6408  4092749   74.42%
Elapsed time = 1754.51 sec. (572341.94 ticks, tree = 393.81 MB, solutions = 5)
Nodefile size = 263.80 MB (120.10 MB after compression)
  68556 45523     3100.2195  9446     2691.0000     4678.8635  4106874   73.87%
  68588 45555     3057.2865  8928     2691.0000     4678.8635  4125650   73.87%
  69354 46299     4408.7878  6521     2691.0000     4678.8635  4149429   73.87%
  70166 47089    infeasible           2691.0000     4678.8635  4174530   73.87%
  70182 47103     4449.8573  6992     2691.0000     4678.8635  4184129   73.87%
  71907 48760     4582.7186  9649     2691.0000     4678.8635  4234996   73.87%
  71914 48765     4506.9594  9209     2691.0000     4669.5612  4243929   73.53%
  71962 48809     4433.5088  9171     2691.0000     4669.5612  4278694   73.53%
  72907 49672     4331.4834  8062     2691.0000     4669.5612  4316001   73.53%
  73147 49868    infeasible           2691.0000     4669.5612  4331491   73.53%
Elapsed time = 1899.12 sec. (619586.94 ticks, tree = 453.44 MB, solutions = 5)
Nodefile size = 324.46 MB (148.72 MB after compression)
  74114 50666     4397.6343  8526     2691.0000     4669.5612  4369178   73.53%
  74922 51472     3084.9690  9541     2691.0000     4669.5612  4390419   73.53%
  75123 51601     3141.0247  9644     2691.0000     4669.5612  4438428   73.53%
  75807 52257     4462.4223  8745     2691.0000     4667.9171  4451032   73.46%
  76987 53181     4281.2724  8021     2691.0000     4667.9171  4517375   73.46%
  77316 53400     4426.0802  8854     2691.0000     4667.9171  4551817   73.46%
  78570 54448     4258.7104  7909     2691.0000     4665.1389  4595525   73.36%
  78604 54474     4381.8710  9162     2691.0000     4665.1389  4608533   73.36%
  79548 55139     4217.9435  8648     2691.0000     4665.1389  4659775   73.36%
  79632 55179     4524.7107  9424     2691.0000     4665.1389  4674894   73.36%
Elapsed time = 2080.86 sec. (684546.33 ticks, tree = 510.10 MB, solutions = 5)
Nodefile size = 381.19 MB (167.72 MB after compression)
  80239 55407     4426.4638  9309     2691.0000     4664.4301  4741055   73.33%
  80279 55429     4216.8990  7837     2691.0000     4664.4301  4749121   73.33%
  81366 56120     3882.7957  5432     2691.0000     4664.4301  4824124   73.33%
  81411 56149     4419.4461  9384     2691.0000     4664.4301  4844734   73.33%
  81839 56459     3191.6329  7864     2691.0000     4664.4301  4877959   73.33%
  82195 56799     4393.8855  6490     2691.0000     4664.4301  4895430   73.33%
  83136 57642        cutoff           2691.0000     4664.4301  4942273   73.33%
  83695 58149     4085.1838  5920     2691.0000     4664.4301  4965089   73.33%
  83699 58151     4528.8684  9855     2691.0000     4664.4301  4974536   73.33%
  83739 58187     4423.6798  9708     2691.0000     4664.4301  4992556   73.33%
Elapsed time = 2237.62 sec. (731739.12 ticks, tree = 540.49 MB, solutions = 5)
Nodefile size = 411.04 MB (179.65 MB after compression)
  84470 58884     4012.0012  5208     2691.0000     4657.3745  5049814   73.07%
  84496 58906     4023.0769  5605     2691.0000     4657.3745  5080650   73.07%
  85023 59411     3982.0713  7782     2691.0000     4657.3745  5129490   73.07%
  85213 59569     4516.7662  9403     2691.0000     4657.3745  5142036   73.07%
  85253 59603     4414.3033  9266     2691.0000     4657.3745  5149198   73.07%
  86511 60703     4121.2734  6412     2691.0000     4657.3745  5215562   73.07%
  86534 60720     4084.8037  8297     2691.0000     4657.3745  5227740   73.07%
  87866 61826     3926.4757  7544     2691.0000     4657.3745  5277155   73.07%
  88162 62009        cutoff           2691.0000     4657.3745  5297848   73.07%
  88251 62052     4399.7881  8400     2691.0000     4657.3745  5315025   73.07%
Elapsed time = 2397.80 sec. (781735.25 ticks, tree = 578.26 MB, solutions = 5)
Nodefile size = 448.84 MB (193.61 MB after compression)
  89716 63363     4040.8048  5898     2691.0000     4657.3745  5375534   73.07%
  89733 63374     4046.2763  7230     2691.0000     4657.3745  5396301   73.07%
  90373 63798     4031.5832  7361     2691.0000     4650.8618  5465824   72.83%
  90468 63857        cutoff           2691.0000     4650.8618  5501961   72.83%
  91551 64802     4512.7714  9080     2691.0000     4650.8618  5542314   72.83%
  91599 64822     4464.0479  9243     2691.0000     4650.8618  5560463   72.83%
  92127 65127     4255.5171  8814     2691.0000     4650.8618  5606205   72.83%
  93040 65559     4476.0441  8794     2691.0000     4650.8618  5679018   72.83%
  93728 66180     2780.2077  5402     2691.0000     4650.8618  5697245   72.83%
  93931 66315     4180.5643  6674     2691.0000     4650.8618  5716109   72.83%
Elapsed time = 2575.03 sec. (830713.97 ticks, tree = 624.66 MB, solutions = 5)
Nodefile size = 495.61 MB (208.39 MB after compression)
  94799 66977     4467.7626  8490     2691.0000     4650.8618  5777388   72.83%
  94808 66984     4393.8755  8611     2691.0000     4650.8618  5786037   72.83%
  95459 67391     4395.3456  8386     2691.0000     4650.8618  5871291   72.83%
  95471 67399     4220.6865  8227     2691.0000     4650.8618  5877386   72.83%
  95611 67498     4494.2492  9124     2691.0000     4650.8618  5911446   72.83%
  96581 68277     3832.5662  5289     2691.0000     4650.8618  5966918   72.83%
  96632 68316     4150.0184  6111     2691.0000     4650.8618  5980011   72.83%
  98468 69905     4409.2765  9632     2691.0000     4650.8618  6055922   72.83%
  98500 69927     4192.9520  7792     2691.0000     4650.8618  6066017   72.83%
  99808 71068     4405.2381  9622     2691.0000     4650.8618  6125395   72.83%
Elapsed time = 2740.49 sec. (878979.16 ticks, tree = 672.03 MB, solutions = 5)
Nodefile size = 542.41 MB (227.28 MB after compression)
  99840 71094     4195.9611  7881     2691.0000     4650.8618  6133012   72.83%
 101262 72313        cutoff           2691.0000     4650.8618  6199938   72.83%
 101286 72327     4588.2528  8827     2691.0000     4650.8618  6203335   72.83%
 102356 73240     4364.1531  8501     2691.0000     4650.8618  6259085   72.83%
 103116 73942     3990.8903  8050     2691.0000     4650.8618  6301184   72.83%
 103150 73964     4286.0679  8353     2691.0000     4650.8618  6321508   72.83%
 104450 75028     4382.4694  8622     2691.0000     4650.8618  6385736   72.83%
 104474 75040     4173.8013  6130     2691.0000     4650.8618  6393740   72.83%
 105693 76119     4398.2499  8601     2691.0000     4650.8618  6466708   72.83%
 105847 76267     4332.6118  8478     2691.0000     4638.4051  6482198   72.37%
Elapsed time = 2908.43 sec. (927140.72 ticks, tree = 722.70 MB, solutions = 5)
Nodefile size = 593.16 MB (245.36 MB after compression)
 105927 76337     4163.6525  8081     2691.0000     4638.4051  6490596   72.37%
 107904 78115     4054.9076  8463     2691.0000     4638.4051  6542947   72.37%
 107953 78154     4414.6455  8799     2691.0000     4638.4051  6557039   72.37%
 109604 79545     4248.9126  7794     2691.0000     4633.8466  6623870   72.20%
 109634 79567     4240.3268  7767     2691.0000     4633.8466  6633789   72.20%
 111893 81574        cutoff           2691.0000     4633.8466  6690115   72.20%
 111901 81582     4132.1880  9033     2691.0000     4633.8466  6696326   72.20%
 114618 84024     3876.8589  8012     2691.0000     4633.8466  6762109   72.20%
 114838 84190     4114.4136  7339     2691.0000     4633.8466  6780231   72.20%
 116049 85246     4403.0063  9207     2691.0000     4633.8466  6815043   72.20%
Elapsed time = 3077.48 sec. (977335.88 ticks, tree = 797.98 MB, solutions = 5)
Nodefile size = 668.84 MB (275.16 MB after compression)
 116519 85588     4328.4658  9311     2691.0000     4633.7855  6859829   72.20%
 116607 85648     4142.4299  6009     2691.0000     4633.7855  6883592   72.20%
 117691 86341     4403.6473  8525     2691.0000     4633.7855  6919804   72.20%
 117922 86540     4323.5891  8754     2691.0000     4633.7855  6932552   72.20%
 118154 86732     3922.9545  7508     2691.0000     4633.7855  6956843   72.20%
 119766 88260     4418.0265  8600     2691.0000     4633.7855  7000412   72.20%
 120384 88762     3973.8220  7406     2691.0000     4633.7855  7034817   72.20%
 121650 89968     4379.2242  8353     2691.0000     4628.7288  7085048   72.01%
 122665 90919     3956.6329  7588     2691.0000     4628.7288  7145194   72.01%
 123011 91261     4188.3164  8050     2691.0000     4623.7374  7165966   71.82%
Elapsed time = 3253.90 sec. (1033839.51 ticks, tree = 867.17 MB, solutions = 5)
Nodefile size = 738.40 MB (299.20 MB after compression)
 123057 91301     4243.2174  7791     2691.0000     4623.7374  7190581   71.82%
 124221 92347     4247.7280  8289     2691.0000     4623.7374  7240037   71.82%
 124665 92663        cutoff           2691.0000     4623.7374  7282664   71.82%
 125221 93099     4389.8981  9057     2691.0000     4623.7374  7319941   71.82%
 125332 93206     4349.0366  8528     2691.0000     4623.7374  7343456   71.82%
 125356 93220     4031.5091  7667     2691.0000     4623.7374  7365327   71.82%
 125876 93552     4161.2750  7864     2691.0000     4623.7374  7409713   71.82%
 126418 93852     4450.5158  8757     2691.0000     4623.7374  7463182   71.82%
 126653 93971     4353.2056  8593     2691.0000     4623.7374  7482537   71.82%
 126829 94065     4136.6656  8195     2691.0000     4623.7374  7505818   71.82%
Elapsed time = 3407.47 sec. (1084678.96 ticks, tree = 894.71 MB, solutions = 5)
Nodefile size = 765.27 MB (309.28 MB after compression)
 127331 94283     4353.0358  8399     2691.0000     4623.7374  7566665   71.82%
 127347 94291     4185.3844  8574     2691.0000     4623.7374  7573875   71.82%
 128170 94668     4439.8054  8731     2691.0000     4623.7374  7647381   71.82%
 128599 94975     4188.1339  7656     2691.0000     4623.7374  7666934   71.82%
 128684 95022     4151.6780  8240     2691.0000     4623.7374  7683625   71.82%
 130134 95974     4386.7661  8772     2691.0000     4623.7374  7749082   71.82%
 130158 95990     4206.0033  7687     2691.0000     4623.7374  7755292   71.82%
 130400 96117     3213.3632  4558     2691.0000     4623.7374  7781475   71.82%
 131722 97108     4239.7118  6727     2691.0000     4623.7374  7819704   71.82%
 132689 97643    infeasible           2691.0000     4623.7374  7864301   71.82%
Elapsed time = 3558.69 sec. (1129817.80 ticks, tree = 926.19 MB, solutions = 5)
Nodefile size = 797.10 MB (321.70 MB after compression)
 133312 98127     4396.4051  8555     2691.0000     4623.7374  7902465   71.82%
 133360 98159     4198.9082  7683     2691.0000     4623.7374  7914915   71.82%

Clique cuts applied:  377
Cover cuts applied:  15749
Implied bound cuts applied:  4563
Zero-half cuts applied:  195
Gomory fractional cuts applied:  13

Root node processing (before b&c):
  Real time             =   75.21 sec. (84467.14 ticks)
Parallel b&c, 8 threads:
  Real time             = 3524.99 sec. (1071141.99 ticks)
  Sync time (average)   =    0.06 sec.
  Wait time (average)   =    0.00 sec.
                          ------------
Total (root+branch&cut) = 3600.20 sec. (1155609.13 ticks)

 ===================================================== 
 Model has 13579 rows and 13622 columns
 Objective   :          2691.0000
 UB          :          8015.1250
 LP gap      :           197.8493 (%)
 Status      :           Feasible
 GAP         :            71.8223 (%)
 Time        :           26076.84
 Iterations  :            7967864
 # B&B nodes :             134840
 # nodes left:              99251

 Solution includes 4 access points 
 ===================================================== 
solution:	8 10 14 15 
 ===================================================== 
coverage:	2691

 ===================================================== 
