Found incumbent of value 0.000000 after 0.00 sec. (1.13 ticks)
Probing time = 0.01 sec. (7.56 ticks)
Clique table members: 2473.
MIP emphasis: balance optimality and feasibility.
MIP search method: dynamic search.
Parallel mode: deterministic, using up to 8 threads.
Root relaxation solution time = 0.06 sec. (118.59 ticks)

        Nodes                                         Cuts/
   Node  Left     Objective  IInf  Best Integer    Best Bound    ItCnt     Gap

*     0+    0                            0.0000    13168.0000        0     --- 
*     0+    0                         9333.0000    13168.0000        0   41.09%
      0     0    12391.8087  3487     9333.0000    12391.8087        0   32.77%
      0     0    11908.9378  3800     9333.0000    Cuts: 3392     3000   27.60%
      0     0    11579.0351  4380     9333.0000    Cuts: 3392     7027   24.07%
*     0+    0                         9779.0000    11579.0351     7027   18.41%
*     0+    0                         9842.0000    11579.0351     9716   17.65%
      0     0    11457.1661  4324     9842.0000    Cuts: 3392     9716   16.41%
      0     0    11429.5571  4262     9842.0000    Cuts: 3392    10839   16.13%
      0     0    11402.8727  4229     9842.0000    Cuts: 3392    11971   15.86%
      0     0    11381.5514  4351     9842.0000    Cuts: 1896    12849   15.64%
      0     0    11366.9194  4390     9842.0000    Cuts: 3392    13581   15.49%
      0     0    11359.6600  4630     9842.0000    Cuts: 2028    14147   15.42%
*     0+    0                        10603.0000    11359.6600    14147    7.14%
      0     0    11353.8475  4483    10603.0000    Cuts: 1314    14566    7.08%
      0     0    11348.8059  4655    10603.0000    Cuts: 1123    14926    7.03%
      0     0    11344.4461  4668    10603.0000     Cuts: 783    15272    6.99%
      0     0    11340.9216  4685    10603.0000     Cuts: 727    15598    6.96%
      0     0    11338.8136  4707    10603.0000     Cuts: 599    15844    6.94%
      0     0    11335.3274  4699    10603.0000     Cuts: 658    16178    6.91%
      0     0    11331.9710  4686    10603.0000    Cuts: 1020    16526    6.88%
      0     0    11330.3738  4681    10603.0000     Cuts: 603    16733    6.86%
      0     0    11328.7995  4716    10603.0000     Cuts: 383    16972    6.85%
      0     2    11328.7995  4716    10603.0000    11328.7995    16972    6.85%
Elapsed time = 22.99 sec. (27961.04 ticks, tree = 0.01 MB, solutions = 5)
      1     3    11282.5015  4205    10603.0000    11328.7995    19420    6.85%
      3     5    11281.5015  4205    10603.0000    11328.1361    22483    6.84%
      9    11    11281.0920  4277    10603.0000    11328.1361    25564    6.84%
     10    12    11325.7163  4609    10603.0000    11327.4751    26071    6.83%
     12    14    11233.2396  4141    10603.0000    11327.4751    29263    6.83%
     26    28    11230.4511  3727    10603.0000    11327.4751    40628    6.83%
     32    34    11277.0096  4113    10603.0000    11327.4174    42969    6.83%
     38    40    11309.9957  4474    10603.0000    11327.4174    47346    6.83%
     52    54    11227.9474  3727    10603.0000    11327.4174    55889    6.83%
     83    85    11322.5839  4623    10603.0000    11327.4174    77578    6.83%
Elapsed time = 42.30 sec. (37669.47 ticks, tree = 0.06 MB, solutions = 5)
     91    93    11312.8314  4509    10603.0000    11327.4174    85121    6.83%
    107   109    11291.6624  4476    10603.0000    11327.4174   105115    6.83%
    120   122    11226.3550  3827    10603.0000    11327.4174   121398    6.83%
    127   129    11273.7633  4286    10603.0000    11327.4174   125192    6.83%
    142   144    11236.0325  3920    10603.0000    11327.4174   145695    6.83%
    143   145    11272.7633  4286    10603.0000    11327.4174   149401    6.83%
*   164+  164                        10622.0000    11327.4174   177672    6.64%
    172   174    11189.7009  3818    10622.0000    11327.4174   180506    6.64%
    188   190    11188.4396  3825    10622.0000    11327.4174   196312    6.64%
    206   208    11169.4008  3714    10622.0000    11327.4174   214116    6.64%
    230   232    11222.4499  3831    10622.0000    11327.4174   241204    6.64%
Elapsed time = 97.39 sec. (52176.30 ticks, tree = 0.17 MB, solutions = 5)
    242   244    11185.4671  3820    10622.0000    11327.4174   256321    6.64%
    258   260    11184.9333  3820    10622.0000    11327.4174   269172    6.64%
    274   276    11183.9333  3819    10622.0000    11327.4174   279493    6.64%
    344   336    11257.3537  3993    10622.0000    11327.4174   322641    6.64%
    365   349    11221.5707  3896    10622.0000    11327.4174   332109    6.64%
    375   359    11163.6338  2462    10622.0000    11327.4174   335102    6.64%
    391   369    11162.6340  2462    10622.0000    11327.4174   353716    6.64%
    407   379    11161.6276  2457    10622.0000    11327.4174   372306    6.64%
    423   389    11160.6384  2459    10622.0000    11327.4174   388742    6.64%
    515   454        cutoff          10622.0000    11325.4333   447370    6.62%
Elapsed time = 152.54 sec. (66918.13 ticks, tree = 1.31 MB, solutions = 6)
    523   462    11186.2974  3434    10622.0000    11325.4333   448506    6.62%
    525   464    11157.1232  2462    10622.0000    11325.4333   451905    6.62%
    536   473    11320.0744  4683    10622.0000    11325.4333   455041    6.62%
    576   507    11254.4847  4462    10622.0000    11325.4333   480376    6.62%
    592   521    11254.1134  4468    10622.0000    11325.4333   491769    6.62%
    626   547    11139.2241  2913    10622.0000    11325.4333   517634    6.62%
    734   615    11251.9295  4467    10622.0000    11325.4333   569663    6.62%
    750   631    11251.0620  4463    10622.0000    11325.4333   578388    6.62%
    778   657    11238.4014  3545    10622.0000    11325.4333   586406    6.62%
    829   692    11110.4080  3353    10622.0000    11325.4333   610659    6.62%
Elapsed time = 214.40 sec. (82398.13 ticks, tree = 2.24 MB, solutions = 6)
    845   704    11252.2980  4018    10622.0000    11325.4333   618101    6.62%
    861   712    11251.5289  4020    10622.0000    11325.4333   629492    6.62%
    874   717        cutoff          10622.0000    11325.4333   642381    6.62%
*   956+  764                        10691.0000    11325.4333   662841    5.93%
   1406   922    11287.5695  4601    10691.0000    11325.4333   712230    5.93%
   1438   952    11243.7782  4404    10691.0000    11325.4333   722142    5.93%
   1461   973    11214.7412  3893    10691.0000    11325.4333   728806    5.93%
   1477   987    11211.7351  3880    10691.0000    11325.4333   732434    5.93%
   1501  1005    11241.9136  3954    10691.0000    11325.4333   742281    5.93%
   1517  1017    11191.7927  3570    10691.0000    11325.4333   749874    5.93%
   1541  1033    11093.6586  3179    10691.0000    11325.4333   763764    5.93%
Elapsed time = 264.74 sec. (96131.81 ticks, tree = 3.49 MB, solutions = 6)
   1828  1132    11193.9241  3684    10691.0000    11325.4333   861704    5.93%
   1867  1171    11172.2264  4006    10691.0000    11325.4333   878594    5.93%
   1868  1172    11196.5014  3647    10691.0000    11325.4333   880605    5.93%
   1884  1188    11192.9705  3712    10691.0000    11325.4333   883161    5.93%
   1908  1206    11176.7101  3613    10691.0000    11325.4333   899037    5.93%
   1924  1222    11180.3600  3574    10691.0000    11325.4333   908372    5.93%
   1940  1234    11180.6889  3673    10691.0000    11325.4333   915010    5.93%
   2395  1403    11226.8937  3753    10691.0000    11325.4333  1041201    5.93%
   2404  1412    11230.3114  4404    10691.0000    11325.4333  1043832    5.93%
   2443  1443    11121.9359  3008    10691.0000    11325.4333  1060800    5.93%
Elapsed time = 321.70 sec. (111560.98 ticks, tree = 5.64 MB, solutions = 7)
   2459  1455    11115.1084  2990    10691.0000    11325.4333  1067016    5.93%
   2475  1467    11224.8195  3776    10691.0000    11325.4333  1072607    5.93%
   2499  1487    11162.2942  3237    10691.0000    11325.4333  1079256    5.93%
   3128  1730    11170.7706  3514    10691.0000    11325.4333  1240175    5.93%
   3152  1754    11077.8718  3107    10691.0000    11325.4333  1248130    5.93%
   3256  1830    11067.0602  3181    10691.0000    11325.4333  1260399    5.93%
   3336  1886    10907.8917  3176    10691.0000    11325.4333  1286873    5.93%
   3352  1900    10906.8917  3177    10691.0000    11325.4333  1294502    5.93%
   3368  1912    10905.8917  3176    10691.0000    11325.4333  1301063    5.93%
   3384  1926    10904.8917  3178    10691.0000    11325.4333  1308002    5.93%
Elapsed time = 407.29 sec. (133933.03 ticks, tree = 7.19 MB, solutions = 7)
   4161  2400    11120.7192  3818    10691.0000    11325.4333  1456455    5.93%
   4171  2410    11244.4235  4466    10691.0000    11325.4333  1463079    5.93%
   4203  2442    11211.2676  4126    10691.0000    11325.4333  1474992    5.93%
   4240  2479    10897.9969  3169    10691.0000    11325.4333  1490537    5.93%
   4256  2493        cutoff          10691.0000    11325.4333  1501614    5.93%
   4288  2523        cutoff          10691.0000    11325.4333  1512010    5.93%
   4320  2551        cutoff          10691.0000    11325.4333  1533978    5.93%
   4336  2565    10933.2636  2647    10691.0000    11325.4333  1538933    5.93%
   4352  2581    10953.1239  2636    10691.0000    11325.4333  1547990    5.93%
   4368  2597    10956.9698  2620    10691.0000    11325.4333  1552593    5.93%
Elapsed time = 463.71 sec. (148143.85 ticks, tree = 10.45 MB, solutions = 7)
   4400  2627        cutoff          10691.0000    11325.4333  1567212    5.93%
   4416  2643    10977.9079  2628    10691.0000    11325.4333  1573167    5.93%
   4837  3048    11036.1673  3174    10691.0000    11325.4333  1689862    5.93%
   4867  3078    11150.7099  3675    10691.0000    11325.4333  1696607    5.93%
   4923  3130    11177.0797  3893    10691.0000    11325.4333  1710021    5.93%
   5003  3206    11165.2490  3886    10691.0000    11325.4333  1734216    5.93%
   5035  3236    11094.0096  3833    10691.0000    11325.4333  1747312    5.93%
   5067  3262    11097.5692  3597    10691.0000    11325.4333  1758651    5.93%
   5115  3303    11106.4760  3704    10691.0000    11325.4333  1778046    5.93%
   5163  3347    11089.2138  3589    10691.0000    11325.4333  1796523    5.93%
Elapsed time = 519.20 sec. (162046.08 ticks, tree = 14.09 MB, solutions = 7)
   5195  3375    11146.7697  3760    10691.0000    11325.4333  1809283    5.93%
   5227  3407    10965.7544  2486    10691.0000    11325.4333  1823336    5.93%
   5291  3452    11092.1231  3485    10691.0000    11325.4333  1846689    5.93%
   5317  3468    11023.4879  3359    10691.0000    11325.4333  1861108    5.93%
   5376  3515    10993.2533  3289    10691.0000    11325.4333  1878664    5.93%
   5821  3834    11041.3779  2971    10691.0000    11325.4333  1975307    5.93%
   5885  3884    11035.3923  2935    10691.0000    11325.4333  1994922    5.93%
   5925  3920    11032.4910  2932    10691.0000    11325.4333  2003987    5.93%
   5941  3932    11031.4910  2933    10691.0000    11325.4333  2011427    5.93%
   6045  4018    11062.2719  3490    10691.0000    11325.4333  2047734    5.93%
Elapsed time = 581.24 sec. (177327.97 ticks, tree = 18.18 MB, solutions = 7)
   6117  4083    11018.5498  2922    10691.0000    11325.4333  2081740    5.93%
   6189  4139    11055.8201  3563    10691.0000    11325.4333  2113776    5.93%
   7049  4753    11175.3477  4346    10691.0000    11325.4333  2325024    5.93%
   7154  4846    11113.7189  3299    10691.0000    11325.4333  2361398    5.93%
   7270  4942    10955.8065  2141    10691.0000    11325.4333  2399305    5.93%
   7342  5004    10999.0856  2915    10691.0000    11325.4333  2420438    5.93%
   7422  5068    11005.7770  2872    10691.0000    11325.4333  2450080    5.93%
   8536  5760    11215.9858  3398    10691.0000    11317.3295  2710599    5.86%
   8669  5887        cutoff          10691.0000    11317.3295  2757937    5.86%
   8733  5941        cutoff          10691.0000    11317.3295  2798826    5.86%
Elapsed time = 757.01 sec. (222681.36 ticks, tree = 28.43 MB, solutions = 7)
   8797  5993        cutoff          10691.0000    11317.3295  2836096    5.86%
   8861  6043    11071.1363  3067    10691.0000    11317.3295  2874490    5.86%
   8917  6089    10996.1655  2474    10691.0000    11317.3295  2899041    5.86%
   8957  6125    10860.8426  4431    10691.0000    11317.3295  2929491    5.86%
  10793  7867    11231.0719  3707    10691.0000    11316.8902  3142853    5.85%
  10936  7992    11036.6838  2302    10691.0000    11316.8902  3167746    5.85%
  11040  8080    10910.9257  3305    10691.0000    11316.8902  3188904    5.85%
  11120  8154    10906.3638  3300    10691.0000    11316.8902  3204195    5.85%
  11192  8218    10902.3247  3298    10691.0000    11316.8902  3219293    5.85%
  11280  8295    10896.1044  3295    10691.0000    11316.8902  3233415    5.85%
Elapsed time = 933.60 sec. (265442.66 ticks, tree = 41.08 MB, solutions = 7)
  14153 11124    10890.8697  3288    10691.0000    11309.9786  3504708    5.79%
  14249 11218    10730.1003  3889    10691.0000    11309.9786  3537951    5.79%
  14329 11292    10726.0744  3885    10691.0000    11309.9786  3579564    5.79%
  14433 11380    11000.0222  2261    10691.0000    11309.9786  3621050    5.79%
  14542 11481    11049.7331  3429    10691.0000    11309.9786  3663123    5.79%
  14606 11537    11132.8740  2565    10691.0000    11309.9786  3693429    5.79%
  15339 12212    11186.9346  4060    10691.0000    11301.3578  3910556    5.71%
  15479 12350    10894.6770  3368    10691.0000    11301.3578  3964581    5.71%
  15535 12404    11066.9971  3507    10691.0000    11301.3578  3991143    5.71%
  15591 12458    11137.0498  2418    10691.0000    11301.3578  4025242    5.71%
Elapsed time = 1126.53 sec. (309250.04 ticks, tree = 69.12 MB, solutions = 7)
  15695 12558    11101.6164  2990    10691.0000    11301.3578  4074564    5.71%
  17235 14060    11186.2763  3687    10691.0000    11301.3578  4243737    5.71%
  17305 14116        cutoff          10691.0000    11301.3578  4283708    5.71%
  17369 14174    10868.3231  4095    10691.0000    11301.3578  4311199    5.71%
  17457 14260    10992.4467  2798    10691.0000    11301.3578  4345865    5.71%
  17562 14360    11019.8376  2728    10691.0000    11301.3578  4388718    5.71%
  17618 14410    10896.8758  3879    10691.0000    11301.3578  4412082    5.71%
  19026 15810    11158.4744  4125    10691.0000    11301.3578  4592539    5.71%
  19170 15936    11003.3802  3029    10691.0000    11301.3578  4659328    5.71%
  19226 15982    10996.8639  3018    10691.0000    11301.3578  4691665    5.71%
Elapsed time = 1302.65 sec. (353916.01 ticks, tree = 92.62 MB, solutions = 7)
  19306 16052    11022.8783  2660    10691.0000    11301.3578  4738834    5.71%
  20220 16956    11264.0196  4385    10691.0000    11301.3578  4879075    5.71%
  20354 17090    11162.4291  4145    10691.0000    11294.2650  4909984    5.64%
  20468 17202    10877.9821  3465    10691.0000    11294.2650  4951027    5.64%
  20532 17262    10873.7588  3460    10691.0000    11294.2650  4972934    5.64%
  20612 17336    10751.9177  3307    10691.0000    11294.2650  5007128    5.64%
  20692 17416    10909.0537  3478    10691.0000    11294.2650  5042495    5.64%
  22086 18772    10924.3497  2563    10691.0000    11293.3725  5240807    5.63%
  22146 18832    10907.3143  3780    10691.0000    11293.3725  5261932    5.63%
  22210 18895    10945.8117  3970    10691.0000    11293.3725  5292084    5.63%
Elapsed time = 1491.92 sec. (397973.02 ticks, tree = 112.26 MB, solutions = 7)
  22266 18951    10897.6598  3490    10691.0000    11293.3725  5314721    5.63%
  22370 19052        cutoff          10691.0000    11293.3725  5355077    5.63%
  23273 19950    11055.4726  3424    10691.0000    11293.3725  5519520    5.63%
  23593 20268    10944.2670  2949    10691.0000    11290.6494  5586966    5.61%
  23679 20351    10718.1706  3052    10691.0000    11290.6494  5624245    5.61%
  23751 20417    10998.2716  2416    10691.0000    11290.6494  5652959    5.61%
  23815 20474    10801.6844  2904    10691.0000    11290.6494  5677619    5.61%
  23903 20550        cutoff          10691.0000    11290.6494  5704986    5.61%
  25285 21819    11160.8583  4342    10691.0000    11289.1399  5914189    5.59%
  25334 21859    10878.5316  2936    10691.0000    11289.1399  5961865    5.59%
Elapsed time = 1680.30 sec. (443578.56 ticks, tree = 132.65 MB, solutions = 7)
Nodefile size = 3.98 MB (2.58 MB after compression)
  25382 21897    10874.5316  2935    10691.0000    11289.1399  5993754    5.59%
  25438 21933    10869.5316  2937    10691.0000    11289.1399  6040607    5.59%
  25486 21963    10865.9563  2936    10691.0000    11289.1399  6076916    5.59%
  26835 23001    11046.2073  4089    10691.0000    11289.1399  6283209    5.59%
  26890 23056    10859.6299  3225    10691.0000    11289.1399  6318975    5.59%
  26930 23096    10798.0076  2655    10691.0000    11289.1399  6343892    5.59%
  26970 23134    10848.0867  2874    10691.0000    11289.1399  6360292    5.59%
  27020 23176    10813.3582  2795    10691.0000    11289.1399  6396905    5.59%
  27671 23750    11006.3689  2674    10691.0000    11289.1399  6554401    5.59%
  28221 24128    10809.6548  2793    10691.0000    11289.1399  6614632    5.59%
Elapsed time = 1856.77 sec. (488680.14 ticks, tree = 148.00 MB, solutions = 7)
Nodefile size = 18.95 MB (11.57 MB after compression)
  28277 24182    10800.8764  2801    10691.0000    11289.1399  6641338    5.59%
  28309 24214    10798.8764  2801    10691.0000    11289.1399  6676307    5.59%
  28365 24266    10796.6180  2789    10691.0000    11289.1399  6707979    5.59%
  28405 24300    10794.5734  2787    10691.0000    11289.1399  6731744    5.59%
  29506 25230    11058.5845  3219    10691.0000    11289.1399  6956773    5.59%
  29549 25265    10790.3036  2771    10691.0000    11289.1399  6993129    5.59%
  29613 25316    10786.7428  2769    10691.0000    11289.1399  7056399    5.59%
  29645 25343    10784.7428  2769    10691.0000    11289.1399  7084322    5.59%
  29685 25375    10782.0980  2767    10691.0000    11289.1399  7112623    5.59%
  30498 26010    11130.4131  3799    10691.0000    11289.1399  7300958    5.59%
Elapsed time = 2058.63 sec. (536338.50 ticks, tree = 223.34 MB, solutions = 7)
Nodefile size = 92.98 MB (29.29 MB after compression)
  30550 26058    10942.5654  2862    10691.0000    11288.5616  7336202    5.59%
  30590 26092    10749.0986  2738    10691.0000    11288.5616  7368398    5.59%
  30638 26130    10745.7523  2736    10691.0000    11288.5616  7398953    5.59%
  30710 26190    10741.9298  2723    10691.0000    11288.5616  7440424    5.59%
  30750 26224    10739.3391  2723    10691.0000    11288.5616  7464534    5.59%
  31572 26954    10870.0589  2919    10691.0000    11285.0444  7687973    5.56%
  31671 27023        cutoff          10691.0000    11285.0444  7731614    5.56%
  31756 27084    10762.8499  1977    10691.0000    11285.0444  7764898    5.56%
  31815 27127    11000.9355  3454    10691.0000    11285.0444  7789930    5.56%
  31916 27208    11162.5075  4526    10691.0000    11285.0444  7826800    5.56%
Elapsed time = 2260.81 sec. (583706.24 ticks, tree = 235.91 MB, solutions = 7)
Nodefile size = 106.80 MB (33.64 MB after compression)
  32279 27490    11174.7143  4436    10691.0000    11285.0444  7891767    5.56%
  33433 28552    11075.3976  4416    10691.0000    11284.0790  8022574    5.55%
  33556 28675    11081.1649  4287    10691.0000    11284.0790  8070702    5.55%
  33621 28740    10765.3427  2825    10691.0000    11284.0790  8089308    5.55%
  33669 28786    10759.4398  3141    10691.0000    11284.0790  8107596    5.55%
  33725 28840    10910.5132  3453    10691.0000    11284.0790  8128059    5.55%
  35353 30464    11101.1778  4730    10691.0000    11284.0790  8316837    5.55%
  35399 30510    10765.5778  3365    10691.0000    11284.0790  8352912    5.55%
  35463 30572    10907.7730  3146    10691.0000    11284.0790  8386109    5.55%
  35507 30614    10883.0249  2297    10691.0000    11284.0790  8407567    5.55%
Elapsed time = 2454.18 sec. (631231.08 ticks, tree = 260.09 MB, solutions = 7)
Nodefile size = 130.83 MB (42.03 MB after compression)
  35539 30644    10886.8327  2227    10691.0000    11284.0790  8419639    5.55%
  35587 30688    10897.2371  2793    10691.0000    11284.0790  8438132    5.55%
  36980 32073    10736.7532  2845    10691.0000    11284.0790  8653746    5.55%
  37009 32100    10790.6635  3251    10691.0000    11284.0790  8686111    5.55%
  37057 32144    10782.9604  3248    10691.0000    11284.0790  8720887    5.55%
  37121 32204    10778.2521  3246    10691.0000    11284.0790  8751398    5.55%
  37169 32248    10996.5565  2969    10691.0000    11284.0790  8783424    5.55%
  37906 32923    11034.2219  3854    10691.0000    11284.0790  8966917    5.55%
  37990 32993    10847.3089  3320    10691.0000    11284.0790  9002896    5.55%
  38054 33049    10740.7766  3129    10691.0000    11284.0790  9038276    5.55%
Elapsed time = 2643.60 sec. (678009.23 ticks, tree = 277.06 MB, solutions = 7)
Nodefile size = 147.68 MB (46.73 MB after compression)
  38082 33073    10722.7264  3352    10691.0000    11284.0790  9056691    5.55%
  38142 33122    10757.8112  3203    10691.0000    11284.0790  9105874    5.55%
  38955 33827    10875.0220  3227    10691.0000    11280.1224  9298259    5.51%
  39011 33879    10791.0428  2800    10691.0000    11280.1224  9328691    5.51%
  39077 33941    10698.5709  2912    10691.0000    11280.1224  9368475    5.51%
  39117 33977    10713.5074  2756    10691.0000    11280.1224  9397475    5.51%
  39149 34005    10728.4415  3325    10691.0000    11280.1224  9416886    5.51%
  40505 35353    11010.1696  4474    10691.0000    11280.1224  9620534    5.51%
  40574 35422    10917.2539  2812    10691.0000    11277.7806  9654957    5.49%
  40614 35460    10956.9289  3450    10691.0000    11277.7806  9680218    5.49%
Elapsed time = 2853.86 sec. (729426.02 ticks, tree = 294.10 MB, solutions = 7)
Nodefile size = 165.43 MB (53.07 MB after compression)
  40654 35498    10830.9615  3652    10691.0000    11277.7806  9714128    5.49%
  40686 35524    10829.3838  3603    10691.0000    11277.7806  9734117    5.49%
  40726 35560    10951.0664  3444    10691.0000    11277.7806  9756450    5.49%
  41954 36714    11031.2713  4108    10691.0000    11277.4607  9962546    5.49%
  41991 36751    10948.4229  3443    10691.0000    11277.4607  9994587    5.49%
  42031 36791    10813.6572  2925    10691.0000    11277.4607 10019891    5.49%
  42063 36823    10819.5752  3363    10691.0000    11277.4607 10045913    5.49%
  42111 36871    10941.1885  3440    10691.0000    11277.4607 10069607    5.49%
  42360 37086        cutoff          10691.0000    11277.4607 10199844    5.49%
  43153 37836    10818.2538  2094    10691.0000    11277.4607 10307921    5.49%
Elapsed time = 3050.13 sec. (777885.88 ticks, tree = 310.75 MB, solutions = 7)
Nodefile size = 182.38 MB (59.64 MB after compression)
  43234 37904    10742.6029  3117    10691.0000    11277.4607 10334804    5.49%
  43314 37971    10723.6978  2140    10691.0000    11277.4607 10364269    5.49%
  43378 38031    10735.0708  3112    10691.0000    11277.4607 10392456    5.49%
  43434 38083    10733.4306  2236    10691.0000    11277.4607 10418860    5.49%
  43499 38146    10832.7330  3035    10691.0000    11277.4607 10445407    5.49%
  44582 39188    11164.7434  4361    10691.0000    11277.2852 10603783    5.48%
  44614 39220    11109.4329  4211    10691.0000    11277.2852 10620742    5.48%
* 44653+39253                        10699.0000    11277.2852 10632464    5.41%
  44726 39322    11003.7178  3194    10699.0000    11277.2852 10667054    5.41%
  44790 39380    11037.9078  3408    10699.0000    11277.2852 10688957    5.41%
  44838 39426    11032.2808  3326    10699.0000    11277.2852 10703936    5.41%
Elapsed time = 3255.85 sec. (824679.71 ticks, tree = 320.65 MB, solutions = 7)
Nodefile size = 191.35 MB (62.97 MB after compression)
  46134 40687    11200.7426  4227    10699.0000    11275.9174 10903853    5.39%
  46166 40719    11126.8755  3776    10699.0000    11275.9174 10924403    5.39%
  46260 40813    10963.9748  3406    10699.0000    11275.9174 10965398    5.39%
  46308 40861    10950.9942  3172    10699.0000    11275.9174 10981428    5.39%
  46340 40893    10926.2754  2883    10699.0000    11275.9174 10996100    5.39%
  47719 42270    11176.2586  4644    10699.0000    11275.9174 11182191    5.39%
  47755 42306    11016.8455  4248    10699.0000    11275.1651 11194976    5.39%
  47845 42396    10978.7666  3349    10699.0000    11275.1651 11237227    5.39%
  47901 42450    10986.2874  3292    10699.0000    11275.1651 11267175    5.39%
  47949 42496    11016.8401  3461    10699.0000    11275.1651 11297180    5.39%
Elapsed time = 3469.65 sec. (873664.01 ticks, tree = 342.31 MB, solutions = 8)
Nodefile size = 213.69 MB (70.02 MB after compression)
  47989 42534    10971.5532  3444    10699.0000    11275.1651 11320756    5.39%
  48876 43377    10825.0039  3114    10699.0000    11274.4240 11488587    5.38%
  48938 43437    10981.6473  3437    10699.0000    11274.4240 11528423    5.38%
  48978 43473    11016.2962  3666    10699.0000    11274.4240 11555751    5.38%
  49026 43511    10859.9526  2938    10699.0000    11274.4240 11579497    5.38%
  49090 43565    10954.5523  3504    10699.0000    11274.4240 11612060    5.38%
  49154 43619    10986.5787  3471    10699.0000    11274.4240 11646525    5.38%

Clique cuts applied:  547
Cover cuts applied:  6512
Implied bound cuts applied:  5222
Zero-half cuts applied:  366
Gomory fractional cuts applied:  32

Root node processing (before b&c):
  Real time             =   22.91 sec. (27873.71 ticks)
Parallel b&c, 8 threads:
  Real time             = 3577.32 sec. (881967.97 ticks)
  Sync time (average)   =    0.02 sec.
  Wait time (average)   =    0.00 sec.
                          ------------
Total (root+branch&cut) = 3600.23 sec. (909841.68 ticks)

 ===================================================== 
 Model has 13169 rows and 13212 columns
 Objective   :         10699.0000
 UB          :         12391.8087
 LP gap      :            15.8221 (%)
 Status      :           Feasible
 GAP         :             5.3718 (%)
 Time        :           27694.16
 Iterations  :           11815855
 # B&B nodes :              49898
 # nodes left:              44255

 Solution includes 13 access points 
 ===================================================== 
solution:	5 6 8 10 14 16 20 24 25 26 27 31 35 
 ===================================================== 
coverage:	10699

 ===================================================== 
