Found incumbent of value 0.000000 after 0.00 sec. (1.13 ticks)
Probing time = 0.01 sec. (7.56 ticks)
Clique table members: 2473.
MIP emphasis: balance optimality and feasibility.
MIP search method: dynamic search.
Parallel mode: deterministic, using up to 8 threads.
Root relaxation solution time = 0.06 sec. (119.17 ticks)

        Nodes                                         Cuts/
   Node  Left     Objective  IInf  Best Integer    Best Bound    ItCnt     Gap

*     0+    0                            0.0000    13168.0000        0     --- 
*     0+    0                        10962.0000    13168.0000        0   20.12%
      0     0    13064.0694   818    10962.0000    13064.0694        0   19.18%
*     0+    0                        11463.0000    13064.0694        0   13.97%
*     0+    0                        12099.0000    13064.0694     1643    7.98%
      0     0    12897.4945  1188    12099.0000    Cuts: 2798     1643    6.60%
      0     0    12816.4932  1152    12099.0000    Cuts: 3353     3062    5.93%
*     0+    0                        12282.0000    12816.4932     3062    4.35%
      0     0    12752.2363  1298    12282.0000    Cuts: 1857     4536    3.83%
*     0+    0                        12478.0000    12752.2363     4536    2.20%
      0     0    12725.0336  1842    12478.0000    Cuts: 1886     5548    1.98%
      0     0    12706.9685  1792    12478.0000    Cuts: 1457     6266    1.83%
      0     0    12700.1971  1969    12478.0000    Cuts: 1766     6646    1.78%
      0     0    12693.5553  1950    12478.0000     Cuts: 618     6958    1.73%
      0     0    12690.0470  2001    12478.0000     Cuts: 739     7159    1.70%
      0     0    12686.2748  2036    12478.0000     Cuts: 383     7377    1.67%
      0     0    12684.5305  2035    12478.0000     Cuts: 330     7491    1.66%
      0     0    12682.0957  1951    12478.0000     Cuts: 307     7623    1.64%
      0     0    12679.9316  2031    12478.0000     Cuts: 362     7734    1.62%
      0     0    12679.3757  2068    12478.0000     Cuts: 171     7818    1.61%
      0     0    12677.9293  2066    12478.0000     Cuts: 189     7925    1.60%
      0     2    12677.9293  2066    12478.0000    12677.9293     7925    1.60%
Elapsed time = 9.39 sec. (10260.56 ticks, tree = 0.01 MB, solutions = 6)
      1     3    12677.4638  2064    12478.0000    12677.9293     7955    1.60%
      2     4    12676.8578  2059    12478.0000    12677.4274     7980    1.60%
      3     5    12667.5570  1402    12478.0000    12677.4274     8619    1.60%
      4     6    12662.4263  1598    12478.0000    12677.4274     9328    1.60%
      5     7    12666.8904  1406    12478.0000    12677.4274     9360    1.60%
      6     8    12655.8072  1487    12478.0000    12676.8523     9955    1.59%
      8    10    12670.7280  1680    12478.0000    12676.8523    10749    1.59%
     10    12    12670.0301  1682    12478.0000    12676.8523    11603    1.59%
     12    14    12664.6511  1249    12478.0000    12676.8523    11934    1.59%
     13    15    12654.7753  1147    12478.0000    12676.8523    12165    1.59%
Elapsed time = 21.82 sec. (23442.44 ticks, tree = 0.01 MB, solutions = 6)
     17    19    12647.3742  1855    12478.0000    12676.8523    13526    1.59%
     19    21    12637.4898  1394    12478.0000    12676.8523    14591    1.59%
     26    28    12653.8791  1489    12478.0000    12676.8523    16536    1.59%
     34    36    12650.9583  1547    12478.0000    12676.8523    22113    1.59%
     45    47    12650.5629  1547    12478.0000    12676.8523    25493    1.59%
     81    83    12589.9332  1277    12478.0000    12676.8523    31468    1.59%
    150   152    12650.1849  1243    12478.0000    12676.8523    39159    1.59%
    213   215    12560.2124  1010    12478.0000    12676.8523    50432    1.59%
    271   273    12606.8487  1818    12478.0000    12676.8523    61910    1.59%
    366   368    12610.6115  1571    12478.0000    12676.8523    82823    1.59%
Elapsed time = 57.47 sec. (36326.47 ticks, tree = 1.30 MB, solutions = 6)
    408   408    12481.3670  1246    12478.0000    12676.8523    89988    1.59%
    510   506    12550.6259  1018    12478.0000    12676.8523   108351    1.59%
    624   602    12544.2729  1460    12478.0000    12676.8523   126575    1.59%
    714   686    12651.0983  1183    12478.0000    12676.8523   139509    1.59%
    879   781    12531.1658  1399    12478.0000    12676.8523   160629    1.59%
    911   805    12529.1658  1398    12478.0000    12676.8523   168827    1.59%
   1099   965    12571.6132  1288    12478.0000    12676.8523   197088    1.59%
   1169  1035    12517.4716  1388    12478.0000    12676.8523   208312    1.59%
   1355  1221    12541.8163  1055    12478.0000    12676.8523   236382    1.59%
   1445  1309    12487.7926  1239    12478.0000    12676.8523   250099    1.59%
Elapsed time = 89.46 sec. (47590.96 ticks, tree = 8.48 MB, solutions = 6)
   1650  1506    12499.7679  1070    12478.0000    12676.8523   273885    1.59%
   1764  1607    12503.9594  1390    12478.0000    12676.8523   291644    1.59%
   1990  1697    12653.5930  1571    12478.0000    12668.0085   313306    1.52%
   2038  1737    12587.3191  1019    12478.0000    12668.0085   322956    1.52%
   2400  2040    12588.2230  1016    12478.0000    12668.0085   355985    1.52%
   2446  2080    12634.5777  1784    12478.0000    12668.0085   361938    1.52%
   2523  2151    12548.1011  1448    12478.0000    12668.0085   372642    1.52%
   2898  2517    12637.4700  1228    12478.0000    12668.0085   399534    1.52%
   3054  2673    12594.2228  1568    12478.0000    12668.0085   410509    1.52%
   3173  2780    12585.3901  1013    12478.0000    12668.0085   421004    1.52%
Elapsed time = 122.38 sec. (58635.32 ticks, tree = 15.54 MB, solutions = 6)
   3269  2866    12511.4378  1487    12478.0000    12668.0085   430561    1.52%
   3924  3459    12633.0303  1637    12478.0000    12668.0085   463096    1.52%
   4037  3565    12537.9557  1422    12478.0000    12668.0085   473315    1.52%
   4117  3645    12496.4888  1502    12478.0000    12668.0085   480776    1.52%
   4221  3745    12490.7340  1493    12478.0000    12668.0085   487117    1.52%
   5067  4547    12622.1425  1755    12478.0000    12668.0085   538835    1.52%
   5107  4587    12552.2987  1154    12478.0000    12668.0085   550457    1.52%
   5250  4724    12481.9653  1120    12478.0000    12668.0085   566921    1.52%
   5831  5245    12511.4424   946    12478.0000    12668.0085   607221    1.52%
   5934  5342    12609.1290   550    12478.0000    12668.0085   622066    1.52%
Elapsed time = 157.39 sec. (69941.90 ticks, tree = 27.14 MB, solutions = 6)
   6038  5442    12560.2028  1605    12478.0000    12668.0085   633180    1.52%
   6150  5545    12540.3182  1338    12478.0000    12668.0085   647739    1.52%
   6214  5609    12559.9292  1111    12478.0000    12668.0085   659718    1.52%
   6980  6306    12614.4992  1752    12478.0000    12658.5263   707560    1.45%
*  7057+ 6377                        12479.0000    12658.5263   715697    1.44%
   7058  6380    12557.9105  1134    12479.0000    12658.5263   716258    1.44%
   7110  6419        cutoff          12479.0000    12658.5263   723436    1.44%
   7166  6473    12603.8495   810    12479.0000    12658.5263   729013    1.44%
   7274  6577    12544.7012  1122    12479.0000    12658.5263   737140    1.44%
   8403  7646    12564.7225  1215    12479.0000    12658.5263   792195    1.44%
   8545  7759    12531.2887  1433    12479.0000    12657.7064   808993    1.43%
Elapsed time = 191.75 sec. (81351.64 ticks, tree = 39.07 MB, solutions = 7)
   8633  7841    12506.5259   901    12479.0000    12657.7064   817858    1.43%
   8705  7909    12526.1798  1154    12479.0000    12657.7064   824403    1.43%
   8801  7991    12523.4726  1059    12479.0000    12657.7064   835341    1.43%
   8977  8150    12508.3210   855    12479.0000    12657.7064   849308    1.43%
   9942  9066    12516.8173  1079    12479.0000    12656.6920   915798    1.42%
  10046  9168    12541.0301   831    12479.0000    12656.6920   931514    1.42%
  10229  9337    12497.4291   974    12479.0000    12656.6920   948577    1.42%
  10469  9539    12501.7131   903    12479.0000    12656.6920   967911    1.42%
  10545  9598    12593.8371  1483    12479.0000    12656.6920   975670    1.42%
  10577  9620    12560.0150  1313    12479.0000    12656.6920   979856    1.42%
Elapsed time = 230.46 sec. (92482.66 ticks, tree = 46.38 MB, solutions = 7)
  11403 10294    12563.5729  1682    12479.0000    12656.6920  1038290    1.42%
  11538 10414    12550.7138  1835    12479.0000    12651.7160  1058667    1.38%
  11698 10562    12508.0378  1180    12479.0000    12651.7160  1071844    1.38%
  11816 10667    12530.7249  1269    12479.0000    12651.7160  1078785    1.38%
  11894 10739    12575.9236  1149    12479.0000    12651.7160  1086195    1.38%
  12064 10884        cutoff          12479.0000    12651.7160  1105028    1.38%
  12264 11066    12576.6903  1042    12479.0000    12651.7160  1113018    1.38%
  12978 11723    12572.4212  1098    12479.0000    12649.2741  1164358    1.36%
  13013 11758    12492.0546  1525    12479.0000    12649.2741  1173366    1.36%
  13069 11806    12587.6506  1740    12479.0000    12649.2741  1184578    1.36%
Elapsed time = 267.72 sec. (103940.40 ticks, tree = 62.72 MB, solutions = 7)
  13197 11918    12545.3355  1273    12479.0000    12649.2741  1199654    1.36%
  13359 12046    12574.1742  1838    12479.0000    12649.2741  1215655    1.36%
  13407 12088    12506.4327  1560    12479.0000    12649.2741  1218914    1.36%
  13942 12540    12571.5874  1547    12479.0000    12647.5285  1289269    1.35%
  13980 12576    12517.6690  1615    12479.0000    12647.5285  1299139    1.35%
  14052 12636    12581.9472  1305    12479.0000    12647.5285  1310785    1.35%
  14107 12687    12559.9302  1611    12479.0000    12647.5285  1319837    1.35%
  14163 12737    12509.0155  1468    12479.0000    12647.5285  1325966    1.35%
  14364 12898    12534.2614  1646    12479.0000    12647.5285  1353777    1.35%
  14396 12927    12485.1102  1292    12479.0000    12647.5285  1360244    1.35%
Elapsed time = 307.48 sec. (115446.59 ticks, tree = 67.27 MB, solutions = 7)
  15108 13507    12501.7793  1524    12479.0000    12645.9526  1423087    1.34%
  15125 13518    12564.2787  1460    12479.0000    12645.9526  1431153    1.34%
  15165 13553    12507.5582  1201    12479.0000    12645.9526  1442386    1.34%
  15197 13577    12573.8627  1691    12479.0000    12645.9526  1451356    1.34%
  15239 13610    12557.2201  1849    12479.0000    12645.9526  1461415    1.34%
  15287 13652    12524.4879  1363    12479.0000    12645.9526  1474391    1.34%
  15332 13693    12619.9578  1499    12479.0000    12645.9526  1485910    1.34%
  15953 14258    12582.2104  1937    12479.0000    12644.4821  1552347    1.33%
  15980 14279    12501.1410  1198    12479.0000    12644.4821  1559530    1.33%
  16155 14426    12606.7376  1714    12479.0000    12644.4821  1595207    1.33%
Elapsed time = 358.22 sec. (129114.23 ticks, tree = 77.15 MB, solutions = 7)
  16929 15021    12535.7665  1428    12479.0000    12643.4601  1702602    1.32%
  17086 15152    12557.3669  1903    12479.0000    12643.4601  1728513    1.32%
  17842 15772    12545.5422  1329    12479.0000    12641.5788  1829030    1.30%
  17954 15858        cutoff          12479.0000    12641.5788  1863994    1.30%
  18652 16461    12514.9080  1766    12479.0000    12639.5857  1960151    1.29%
  18743 16524    12536.9276  1636    12479.0000    12639.5857  1999492    1.29%
  19210 16922    12566.5912  1429    12479.0000    12639.5857  2091498    1.29%
  19332 17012    12515.5977  1619    12479.0000    12637.2000  2141859    1.27%
  19426 17096    12487.9870  1810    12479.0000    12637.2000  2164539    1.27%
  19950 17493    12481.5527  1513    12479.0000    12635.2364  2254584    1.25%
Elapsed time = 503.63 sec. (169498.14 ticks, tree = 96.76 MB, solutions = 7)
  20016 17527    12492.7600  1806    12479.0000    12635.2364  2302409    1.25%
  20361 17761    12531.3423  1693    12479.0000    12633.2696  2392287    1.24%
  20441 17813    12489.1002  1258    12479.0000    12633.2696  2430860    1.24%
  20549 17889    12559.3210  2131    12479.0000    12633.2696  2478825    1.24%
  21025 18264    12524.5863  1349    12479.0000    12631.2452  2575550    1.22%
  21115 18326    12514.7345  1435    12479.0000    12631.2452  2629684    1.22%
* 21322+18462                        12491.0000    12631.2452  2699968    1.12%
  21373 15495    12573.0305  2189    12491.0000    12629.5121  2719670    1.11%
  21459 15533    12570.8968  1445    12491.0000    12629.5121  2779079    1.11%
  21512 15570    12550.8631  2023    12491.0000    12629.5121  2813905    1.11%
  21690 15659    12560.8396  1631    12491.0000    12627.5585  2902514    1.09%
Elapsed time = 671.53 sec. (213547.66 ticks, tree = 86.03 MB, solutions = 8)
  21742 15685    12498.8561  2118    12491.0000    12627.5585  2939652    1.09%
  21789 15696    12508.8434   523    12491.0000    12627.5585  2977992    1.09%
  21977 15790    12505.3255  1427    12491.0000    12624.4235  3092692    1.07%
  22053 15823        cutoff          12491.0000    12624.4235  3145979    1.07%
  22117 15843    12542.9926  1805    12491.0000    12624.4235  3191518    1.07%
  22252 15898    12557.7302  2123    12491.0000    12621.6346  3278384    1.05%
  22309 15923    12523.3216  1752    12491.0000    12621.6346  3327967    1.05%
  22397 15941        cutoff          12491.0000    12621.6346  3395306    1.05%
  22522 15967    12530.8799  1908    12491.0000    12619.8013  3473986    1.03%
  22590 15991    12557.9945  2093    12491.0000    12619.8013  3531954    1.03%
Elapsed time = 852.33 sec. (257954.18 ticks, tree = 88.19 MB, solutions = 8)
  22683 16002    12536.6577  1311    12491.0000    12619.8013  3617276    1.03%
  22756 16017        cutoff          12491.0000    12617.9501  3684697    1.02%
  22802 16017    12505.8345  1028    12491.0000    12617.9501  3730442    1.02%
  22865 16025    12545.7966  2097    12491.0000    12617.9501  3799657    1.02%
  22971 16045    12527.4927  1904    12491.0000    12617.9501  3885113    1.02%
  23107 16136    12525.5543  1505    12491.0000    12615.2132  3936158    0.99%
  23165 16158        cutoff          12491.0000    12615.2132  3978255    0.99%
  23266 16207        cutoff          12491.0000    12615.2132  4033266    0.99%
  23507 16354    12496.6150  1360    12491.0000    12613.0036  4138778    0.98%
  23545 16358    12500.5372  1883    12491.0000    12613.0036  4174904    0.98%
Elapsed time = 1032.11 sec. (302078.90 ticks, tree = 90.50 MB, solutions = 8)
  23625 16354    12521.5810  1494    12491.0000    12613.0036  4244073    0.98%
  23669 16334    12524.4877  1559    12491.0000    12613.0036  4311986    0.98%
  23858 16429    12530.3026  1912    12491.0000    12609.8876  4399090    0.95%
  23922 16443    12508.8388  1909    12491.0000    12609.8876  4443950    0.95%
  23989 16420        cutoff          12491.0000    12609.8876  4515759    0.95%
  24026 16415        cutoff          12491.0000    12609.8876  4551760    0.95%
  24152 16448    12505.5186  2154    12491.0000    12606.7254  4652918    0.93%
  24241 16467    12518.4824  1330    12491.0000    12606.7254  4694828    0.93%
  24304 16474    12520.6068  2342    12491.0000    12606.7254  4742902    0.93%
  24353 16497    12492.3326  1823    12491.0000    12606.7254  4775923    0.93%
Elapsed time = 1225.27 sec. (346093.15 ticks, tree = 91.21 MB, solutions = 8)
  24557 16544    12521.3177  1220    12491.0000    12604.8595  4916909    0.91%
  24599 16534    12502.8385  1172    12491.0000    12604.8595  4969146    0.91%
  24685 16533        cutoff          12491.0000    12604.8595  5040951    0.91%
  24717 16535    12514.1995  2125    12491.0000    12604.8595  5065529    0.91%
  24869 16552        cutoff          12491.0000    12601.9824  5206959    0.89%
  24917 16538        cutoff          12491.0000    12601.9824  5247129    0.89%
  24956 16539        cutoff          12491.0000    12601.9824  5295807    0.89%
  24996 16533        cutoff          12491.0000    12601.9824  5328272    0.89%
  25104 16532    12509.3540  1215    12491.0000    12601.9824  5429890    0.89%
  25216 16522    12501.3646  1874    12491.0000    12598.7927  5533048    0.86%
Elapsed time = 1413.04 sec. (393489.06 ticks, tree = 92.57 MB, solutions = 8)
  25276 16512    12506.3100  2085    12491.0000    12598.7927  5586251    0.86%
  25356 16520    12526.5248  2000    12491.0000    12598.7927  5643428    0.86%
  25436 16530        cutoff          12491.0000    12598.7927  5697077    0.86%
  25654 16585        cutoff          12491.0000    12595.0299  5836719    0.83%
  25694 16575    12516.0553  2206    12491.0000    12595.0299  5886927    0.83%
  25747 16586    12521.8502  2040    12491.0000    12595.0299  5922352    0.83%
  25814 16575        cutoff          12491.0000    12595.0299  5975363    0.83%
  25838 16571    12529.5508  2006    12491.0000    12595.0299  6005707    0.83%
  26026 16530        cutoff          12491.0000    12591.3382  6157201    0.80%
  26055 16513        cutoff          12491.0000    12591.3382  6209013    0.80%
Elapsed time = 1607.50 sec. (438251.84 ticks, tree = 93.78 MB, solutions = 8)
  26087 16491        cutoff          12491.0000    12591.3382  6249468    0.80%
  26135 16460        cutoff          12491.0000    12591.3382  6316296    0.80%
  26183 16438        cutoff          12491.0000    12591.3382  6369994    0.80%
  26236 16443        cutoff          12491.0000    12591.3382  6417578    0.80%
  26458 16499        cutoff          12491.0000    12588.6648  6518722    0.78%
  26490 16481    12518.1776  2222    12491.0000    12588.6648  6552248    0.78%
  26535 16462        cutoff          12491.0000    12588.6648  6604781    0.78%
  26575 16444        cutoff          12491.0000    12588.6648  6648724    0.78%
  26599 16442        cutoff          12491.0000    12588.6648  6670966    0.78%
  26647 16432    12495.2921  1575    12491.0000    12588.6648  6715061    0.78%
Elapsed time = 1780.03 sec. (478976.51 ticks, tree = 93.67 MB, solutions = 8)
  26920 16437        cutoff          12491.0000    12584.4600  6884386    0.75%
  26955 16418        cutoff          12491.0000    12584.4600  6928390    0.75%
  27008 16413        cutoff          12491.0000    12584.4600  6968816    0.75%
  27072 16417        cutoff          12491.0000    12584.4600  7009541    0.75%
  27105 16426    12511.9795   628    12491.0000    12584.4600  7029535    0.75%
  27191 16444        cutoff          12491.0000    12584.4600  7064262    0.75%
  27435 16419        cutoff          12491.0000    12580.9870  7226589    0.72%
  27483 16395        cutoff          12491.0000    12580.9870  7268934    0.72%
  27547 16373    12500.5308  1824    12491.0000    12580.9870  7320206    0.72%
  27589 16356        cutoff          12491.0000    12580.9870  7362664    0.72%
Elapsed time = 1950.27 sec. (519406.96 ticks, tree = 93.58 MB, solutions = 8)
  27633 16346    12494.4223  1088    12491.0000    12580.9870  7406292    0.72%
  27774 16334        cutoff          12491.0000    12580.9870  7503004    0.72%
  27938 16341    12496.8223  1794    12491.0000    12577.6597  7612007    0.69%
  28005 16338        cutoff          12491.0000    12577.6597  7650908    0.69%
  28069 16311        cutoff          12491.0000    12577.6597  7699653    0.69%
  28125 16313        cutoff          12491.0000    12577.6597  7748346    0.69%
  28189 16333        cutoff          12491.0000    12577.6597  7778116    0.69%
  28253 16345    12506.3083   159    12491.0000    12577.6597  7806231    0.69%
  28663 16386        cutoff          12491.0000    12574.8009  8014737    0.67%
  28712 16359        cutoff          12491.0000    12574.8009  8062596    0.67%
Elapsed time = 2137.65 sec. (563523.62 ticks, tree = 93.83 MB, solutions = 8)
  28782 16319        cutoff          12491.0000    12574.8009  8127181    0.67%
  28830 16287        cutoff          12491.0000    12574.8009  8169930    0.67%
  28902 16262        cutoff          12491.0000    12574.8009  8218509    0.67%
  28966 16244        cutoff          12491.0000    12574.8009  8267978    0.67%
  29150 16129        cutoff          12491.0000    12570.3018  8418428    0.63%
  29198 16103        cutoff          12491.0000    12570.3018  8454690    0.63%
  29262 16101        cutoff          12491.0000    12570.3018  8491888    0.63%
  29326 16117        cutoff          12491.0000    12570.3018  8509893    0.63%
  29390 16105        cutoff          12491.0000    12570.3018  8543735    0.63%
  29454 16082        cutoff          12491.0000    12570.3018  8592926    0.63%
Elapsed time = 2326.29 sec. (606453.41 ticks, tree = 91.69 MB, solutions = 8)
  29502 16060        cutoff          12491.0000    12570.3018  8629497    0.63%
  29823 15912        cutoff          12491.0000    12565.9983  8860436    0.60%
  29901 15886        cutoff          12491.0000    12565.9983  8906846    0.60%
  29973 15862        cutoff          12491.0000    12565.9983  8949433    0.60%
  30116 15833        cutoff          12491.0000    12565.9983  9026966    0.60%
  30180 15809        cutoff          12491.0000    12565.9983  9069388    0.60%
  30252 15792        cutoff          12491.0000    12565.9983  9110643    0.60%
  30308 15788        cutoff          12491.0000    12565.9983  9145589    0.60%
  30580 15707    12496.6008  1357    12491.0000    12561.9370  9306363    0.57%
  30672 15685        cutoff          12491.0000    12561.9370  9354881    0.57%
Elapsed time = 2516.37 sec. (650088.72 ticks, tree = 90.12 MB, solutions = 8)
  30768 15653    12515.8138  1905    12491.0000    12561.9370  9409787    0.57%
  30851 15602        cutoff          12491.0000    12561.9370  9462049    0.57%
  30915 15548    12498.7932   741    12491.0000    12561.9370  9515121    0.57%
  31049 15520    12503.7710  2194    12491.0000    12561.9370  9582590    0.57%
  31140 15471        cutoff          12491.0000    12561.9370  9635275    0.57%
  31332 15373    12513.0082  1927    12491.0000    12558.0240  9753631    0.54%
  31409 15342        cutoff          12491.0000    12558.0240  9797228    0.54%
  31497 15280        cutoff          12491.0000    12558.0240  9849381    0.54%
  31625 15184        cutoff          12491.0000    12558.0240  9933384    0.54%
  31704 15109        cutoff          12491.0000    12558.0240  9981893    0.54%
Elapsed time = 2696.40 sec. (690884.64 ticks, tree = 87.77 MB, solutions = 8)
  31819 15046        cutoff          12491.0000    12558.0240 10045902    0.54%
  31891 15002    12498.2785  1673    12491.0000    12558.0240 10096296    0.54%
  32092 14860        cutoff          12491.0000    12558.0240 10210402    0.54%
  32172 14828        cutoff          12491.0000    12552.7930 10237164    0.49%
  32286 14752        cutoff          12491.0000    12552.7930 10292341    0.49%
  32382 14718        cutoff          12491.0000    12552.7930 10331859    0.49%
  32447 14707    12514.3139  2057    12491.0000    12552.7930 10359939    0.49%
  32519 14687        cutoff          12491.0000    12552.7930 10388451    0.49%
  32631 14630        cutoff          12491.0000    12552.7930 10445284    0.49%
  32719 14565    12506.6665  1950    12491.0000    12552.7930 10496295    0.49%
Elapsed time = 2877.36 sec. (731549.53 ticks, tree = 85.15 MB, solutions = 8)
  33121 14426    12509.8899  1888    12491.0000    12548.1743 10654864    0.46%
  33171 14400        cutoff          12491.0000    12548.1743 10678896    0.46%
  33247 14340        cutoff          12491.0000    12548.1743 10721653    0.46%
  33343 14260        cutoff          12491.0000    12548.1743 10760529    0.46%
  33469 14146    12503.6543  1949    12491.0000    12548.1743 10801334    0.46%
  33587 14072        cutoff          12491.0000    12548.1743 10836708    0.46%
  33723 13978        cutoff          12491.0000    12548.1743 10868213    0.46%
  33843 13888        cutoff          12491.0000    12548.1743 10901409    0.46%
  34065 13762        cutoff          12491.0000    12543.6489 10965807    0.42%
  34193 13682        cutoff          12491.0000    12543.6489 11017797    0.42%
Elapsed time = 3017.04 sec. (771559.05 ticks, tree = 118.76 MB, solutions = 8)
  34293 13612        cutoff          12491.0000    12543.6489 11062066    0.42%
  34449 13490        cutoff          12491.0000    12543.6489 11120141    0.42%
  34585 13398        cutoff          12491.0000    12543.6489 11175878    0.42%
  34685 13374        cutoff          12491.0000    12543.6489 11208906    0.42%
  34845 13316    12493.8770  1549    12491.0000    12543.6489 11256948    0.42%
  35043 13240        cutoff          12491.0000    12543.6489 11330009    0.42%
  35380 13029    12511.7743   836    12491.0000    12538.1232 11445812    0.38%
  35487 12984    12508.3400  1918    12491.0000    12538.1232 11485763    0.38%
  35699 12890    12499.9519  1644    12491.0000    12538.1232 11544019    0.38%
  35887 12816        cutoff          12491.0000    12538.1232 11600092    0.38%
Elapsed time = 3191.21 sec. (812450.35 ticks, tree = 113.88 MB, solutions = 8)
  36007 12770        cutoff          12491.0000    12538.1232 11645724    0.38%
  36167 12664        cutoff          12491.0000    12538.1232 11694962    0.38%
  36351 12570        cutoff          12491.0000    12538.1232 11747442    0.38%
  36599 12466        cutoff          12491.0000    12538.1232 11807003    0.38%
  37035 12354        cutoff          12491.0000    12533.3394 11920714    0.34%
  37211 12260        cutoff          12491.0000    12533.3394 11976666    0.34%
  37406 12166        cutoff          12491.0000    12533.3394 12027570    0.34%
  37623 12079    12506.3857  1946    12491.0000    12533.3394 12074562    0.34%
  37840 11999    12494.9643   692    12491.0000    12533.3394 12122118    0.34%
  38144 11905        cutoff          12491.0000    12533.3394 12182508    0.34%
Elapsed time = 3369.63 sec. (852965.86 ticks, tree = 105.80 MB, solutions = 8)
  38374 11765        cutoff          12491.0000    12533.3394 12226962    0.34%
  38608 11641        cutoff          12491.0000    12533.3394 12279525    0.34%
  39358 11418        cutoff          12491.0000    12524.2330 12388324    0.27%
  39591 11409        cutoff          12491.0000    12524.2330 12418273    0.27%
  39975 11322    12503.7973  1974    12491.0000    12524.2330 12470600    0.27%
  40271 11409        cutoff          12491.0000    12524.2330 12498582    0.27%
  40775 11503    12501.6113   750    12491.0000    12524.2330 12556569    0.27%
  41159 11579        cutoff          12491.0000    12524.2330 12604251    0.27%
  41513 11690    12515.3188   894    12491.0000    12524.2330 12634102    0.27%
  42169 11879        cutoff          12491.0000    12524.2330 12685074    0.27%
Elapsed time = 3535.08 sec. (892779.11 ticks, tree = 97.43 MB, solutions = 8)
  43714 12199        cutoff          12491.0000    12517.5224 12819622    0.21%
  44073 12169        cutoff          12491.0000    12517.5224 12855059    0.21%
  44409 12161        cutoff          12491.0000    12517.5224 12888272    0.21%
  45203 12391        cutoff          12491.0000    12517.5224 12951803    0.21%

Clique cuts applied:  585
Cover cuts applied:  9988
Implied bound cuts applied:  2178
Zero-half cuts applied:  251
Gomory fractional cuts applied:  7

Root node processing (before b&c):
  Real time             =    9.33 sec. (10176.63 ticks)
Parallel b&c, 8 threads:
  Real time             = 3590.69 sec. (899470.16 ticks)
  Sync time (average)   =    0.04 sec.
  Wait time (average)   =    0.00 sec.
                          ------------
Total (root+branch&cut) = 3600.02 sec. (909646.79 ticks)

 ===================================================== 
 Model has 13169 rows and 13212 columns
 Objective   :         12491.0000
 UB          :         13064.0694
 LP gap      :             4.5879 (%)
 Status      :           Feasible
 GAP         :             0.1930 (%)
 Time        :           28055.15
 Iterations  :           12982833
 # B&B nodes :              45563
 # nodes left:              12463

 Solution includes 22 access points 
 ===================================================== 
solution:	4 5 6 8 9 10 13 14 15 17 20 24 25 26 27 31 35 36 37 38 39 41 
 ===================================================== 
coverage:	12491

 ===================================================== 
