Found incumbent of value 0.000000 after 0.00 sec. (1.13 ticks)
Probing fixed 84 vars, tightened 0 bounds.
Probing time = 0.33 sec. (295.17 ticks)
Clique table members: 138614.
MIP emphasis: balance optimality and feasibility.
MIP search method: dynamic search.
Parallel mode: deterministic, using up to 8 threads.
Root relaxation solution time = 0.02 sec. (23.56 ticks)

        Nodes                                         Cuts/
   Node  Left     Objective  IInf  Best Integer    Best Bound    ItCnt     Gap

*     0+    0                            0.0000    13168.0000       84     --- 
*     0+    0                          713.0000    13168.0000       84     --- 
      0     0     7778.8000 10722      713.0000     7778.8000       84  991.00%
*     0+    0                          825.0000     7778.8000       84  842.88%
*     0+    0                         2362.0000     7778.8000     2885  229.33%
      0     0     6867.2546 11049     2362.0000    Cuts: 3392     2885  190.74%
      0     0     6151.6449 10889     2362.0000    Cuts: 3392     7149  160.44%
      0     0     5829.3968 11023     2362.0000    Cuts: 3392     9853  146.80%
      0     0     5661.6812 10147     2362.0000    Cuts: 3392    12004  139.70%
      0     0     5495.2170 10295     2362.0000    Cuts: 3392    14004  132.65%
      0     0     5437.4966 10787     2362.0000    Cuts: 3392    15149  130.21%
      0     0     5379.8722 11140     2362.0000    Cuts: 3392    16304  127.77%
      0     0     5337.3447 10925     2362.0000    Cuts: 3392    17658  125.97%
      0     0     5299.5542 10844     2362.0000    Cuts: 3392    18484  124.37%
      0     0     5282.4020 10364     2362.0000    Cuts: 3392    19146  123.64%
      0     0     5259.2983 11297     2362.0000    Cuts: 3392    19697  122.66%
      0     0     5246.3982 10964     2362.0000    Cuts: 3392    20126  122.12%
      0     0     5236.9192 10998     2362.0000    Cuts: 3392    20435  121.72%
      0     0     5231.4861 11130     2362.0000    Cuts: 3392    20800  121.49%
      0     0     5220.0036 11178     2362.0000    Cuts: 1592    21193  121.00%
      0     0     5205.6854 11027     2362.0000    Cuts: 3392    21733  120.39%
      0     0     5199.3397 10434     2362.0000     Cuts: 607    21972  120.12%
      0     0     5191.9991 11083     2362.0000    Cuts: 2490    22489  119.81%
      0     0     5184.7375 11180     2362.0000    Cuts: 3015    22834  119.51%
      0     0     5182.4692 11147     2362.0000     Cuts: 598    22963  119.41%
      0     0     5180.6512 11181     2362.0000    Cuts: 1670    23062  119.33%
      0     0     5179.3932 11144     2362.0000     Cuts: 148    23157  119.28%
      0     0     5178.5397 11181     2362.0000     Cuts: 251    23209  119.24%
      0     0     5175.3913 11091     2362.0000     Cuts: 204    23353  119.11%
      0     0     5167.6436 10558     2362.0000     Cuts: 625    23743  118.78%
      0     0     5162.9519 10811     2362.0000    Cuts: 1221    24105  118.58%
      0     0     5157.7652 10384     2362.0000    Cuts: 1025    24459  118.36%
      0     0     5149.5003 10576     2362.0000    Cuts: 3392    24788  118.01%
      0     0     5147.1403 10983     2362.0000     Cuts: 297    24956  117.91%
      0     0     5146.3290 11081     2362.0000     Cuts: 285    25018  117.88%
Heuristic still looking.
*     0+    0                         2691.0000     5146.3290    25018   91.24%
      0     2     5146.3290 11081     2691.0000     5146.3290    25018   91.24%
Elapsed time = 62.05 sec. (72069.00 ticks, tree = 0.01 MB, solutions = 5)
      1     3     4808.0096  8153     2691.0000     5146.3290    27215   91.24%
      3     5     4864.0865  8275     2691.0000     5145.6719    30693   91.22%
      5     7     4807.2353  8152     2691.0000     5145.6719    32616   91.22%
      9    11     4680.6051  8017     2691.0000     5145.6719    34753   91.22%
     10    12     4729.3634  9166     2691.0000     5145.3202    40267   91.20%
     16    14     5137.7154 11185     2691.0000     5145.2389    52121   91.20%
     17    13        cutoff           2691.0000     5145.2389    53536   91.20%
     18    14     4513.9831  8746     2691.0000     5145.2389    57780   91.20%
     20    16     4771.0271  9586     2691.0000     5137.6788    63121   90.92%
    257   209     4609.6871  9138     2691.0000     5137.6788    87401   90.92%
Elapsed time = 101.33 sec. (97735.61 ticks, tree = 0.16 MB, solutions = 5)
    267   217     4761.1716  9206     2691.0000     5137.6788    93392   90.92%
    390   314     4507.7531  8724     2691.0000     5137.6788   103306   90.92%
    501   373     4511.0315  8648     2691.0000     5137.2264   113232   90.90%
    703   521     4546.7159  8975     2691.0000     5136.7323   136646   90.89%
   1115   787     4756.7602  9313     2691.0000     5136.2888   171581   90.87%
   1596  1040     4726.1541  9159     2691.0000     5135.8111   209578   90.85%
   2096  1302     4491.0869  8796     2691.0000     5135.8111   249047   90.85%
   2119  1317     4743.4018  9189     2691.0000     5135.3111   256684   90.83%
   2606  1502     4715.1139  9158     2691.0000     5134.9189   315412   90.82%
   2802  1566        cutoff           2691.0000     5134.9189   353187   90.82%
Elapsed time = 220.51 sec. (134987.79 ticks, tree = 23.17 MB, solutions = 5)
   2894  1596     4761.7786  9315     2691.0000     5134.3627   373660   90.80%
   2910  1600     4725.5624  9167     2691.0000     5134.3627   380812   90.80%
   3359  1723     4752.0581  9195     2691.0000     5133.5675   447976   90.77%
   3408  1752     4463.0476  8937     2691.0000     5133.5675   453349   90.77%
   3784  1846     4666.1921  9022     2691.0000     5133.2073   509128   90.75%
   3800  1858     4747.3211  9190     2691.0000     5133.2073   515707   90.75%
   4372  2024     4443.2530  8214     2691.0000     5132.3184   592733   90.72%
   4392  2034     4737.9803  9183     2691.0000     5132.3184   607650   90.72%
   4882  2204     4417.1565  8151     2691.0000     5131.2155   680851   90.68%
   4885  2207     4723.0078  9172     2691.0000     5131.2155   686136   90.68%
Elapsed time = 373.67 sec. (172155.25 ticks, tree = 27.17 MB, solutions = 5)
   4901  2217     4723.6658  9171     2691.0000     5131.2155   693804   90.68%
   4917  2223     4717.3331  9164     2691.0000     5131.2155   703473   90.68%
   5487  2377     4702.1971  9116     2691.0000     5129.9129   816231   90.63%
   5503  2389     4753.2692  9571     2691.0000     5129.9129   832218   90.63%
   5741  2507     3926.1509  7141     2691.0000     5129.9129   903272   90.63%
   5746  2512     3986.6702  6618     2691.0000     5129.9129   910807   90.63%
   5750  2514     4388.2084  7901     2691.0000     5129.2044   911609   90.61%
   5756  2518     4690.4613  9104     2691.0000     5129.2044   917071   90.61%
   5780  2522     4732.9640  9141     2691.0000     5129.2044   928375   90.61%
   5796  2530     4692.1107  8252     2691.0000     5129.2044   932416   90.61%
Elapsed time = 492.69 sec. (204128.74 ticks, tree = 28.83 MB, solutions = 5)
   5820  2540     4656.4115  9324     2691.0000     5129.2044   937406   90.61%
   5836  2544     4717.5157  8981     2691.0000     5129.2044   946001   90.61%
   5852  2552     4738.1595  9653     2691.0000     5129.2044   950528   90.61%
   6711  2661     4676.8125  8221     2691.0000     5128.7979  1068013   90.59%
   6735  2679     4688.6116  9300     2691.0000     5128.7979  1075405   90.59%
   6751  2695     4714.3599  8825     2691.0000     5128.7979  1078846   90.59%
   6767  2701     4688.8450  8708     2691.0000     5128.7979  1083983   90.59%
   7689  2879     3969.1903  6975     2691.0000     5128.7979  1206075   90.59%
   8351  2949     4707.9014  9352     2691.0000     5128.7979  1251783   90.59%
   8367  2959     4705.8306  8880     2691.0000     5128.7979  1257035   90.59%
Elapsed time = 599.20 sec. (232344.39 ticks, tree = 28.04 MB, solutions = 5)
   8383  2969     4698.9774  8863     2691.0000     5128.7979  1269830   90.59%
   8399  2981     4706.8523  8550     2691.0000     5128.7979  1274998   90.59%
   8415  2991     4706.9661  9347     2691.0000     5128.7979  1282282   90.59%
   8431  3003     4704.7950  8954     2691.0000     5128.7979  1287655   90.59%
   8447  3011     4698.3411  9386     2691.0000     5128.7979  1293117   90.59%
  12558  4909     4705.7342  8983     2691.0000     5128.7979  1461564   90.59%
  12574  4917     4699.5782  8941     2691.0000     5128.7979  1467927   90.59%
  12590  4927     4698.2557  9314     2691.0000     5128.7979  1473103   90.59%
  12606  4933     4690.9823  8733     2691.0000     5128.7979  1482672   90.59%
  12622  4943     4698.8029  9431     2691.0000     5128.7979  1488659   90.59%
Elapsed time = 701.52 sec. (256877.25 ticks, tree = 43.28 MB, solutions = 5)
  12638  4951     4700.1796  9256     2691.0000     5128.7979  1495344   90.59%
  12654  4961     4700.3698  9390     2691.0000     5128.7979  1499188   90.59%
  16921  5786     4720.6260  9289     2691.0000     5128.7979  1612910   90.59%
  16930  5793     4697.5997  8826     2691.0000     5125.3412  1616504   90.46%
  16946  5801     4689.4310  8753     2691.0000     5125.3412  1625464   90.46%
  16962  5809     4701.1780  9023     2691.0000     5125.3412  1630331   90.46%
  16978  5817     4699.6884  8997     2691.0000     5125.3412  1635134   90.46%
  16994  5829     4691.9040  8777     2691.0000     5125.3412  1639192   90.46%
  17010  5839     4670.5412  8873     2691.0000     5125.3412  1643790   90.46%
  17854  6034     4115.6623  6832     2691.0000     5125.3412  1758234   90.46%
Elapsed time = 784.19 sec. (280309.21 ticks, tree = 54.28 MB, solutions = 5)
  17873  6041     4701.7237  9202     2691.0000     5125.3412  1770191   90.46%
  17889  6047     4683.3682  8828     2691.0000     5125.3412  1775874   90.46%
  17905  6055     4699.6059  9176     2691.0000     5125.3412  1782702   90.46%
  17921  6065     4689.2055  8995     2691.0000     5125.3412  1787364   90.46%
  19310  6482     4695.7853  9197     2691.0000     5125.3412  1927425   90.46%
  19326  6486     4699.2158  9439     2691.0000     5125.3412  1933753   90.46%
  19342  6502     4699.8887  9639     2691.0000     5125.3412  1937262   90.46%
  19358  6510     4684.8859  8996     2691.0000     5125.3412  1942504   90.46%
  19374  6516     4691.2734  9127     2691.0000     5125.3412  1947463   90.46%
  20450  6803     4681.4630  8954     2691.0000     5125.3412  2089735   90.46%
Elapsed time = 879.87 sec. (304659.87 ticks, tree = 61.02 MB, solutions = 5)
  20466  6809     4684.8505  9094     2691.0000     5125.3412  2094583   90.46%
  20482  6823     4673.6610  8847     2691.0000     5125.3412  2097970   90.46%
  20498  6837     4678.9349  8878     2691.0000     5125.3412  2101885   90.46%
  20514  6849     4684.5567  9148     2691.0000     5125.3412  2107234   90.46%
  21988  7549     4671.0090  9283     2691.0000     5125.3412  2245059   90.46%
  22004  7555     4681.3164  9113     2691.0000     5125.3412  2250611   90.46%
  22020  7571     4682.2562  9535     2691.0000     5125.3412  2253703   90.46%
  22036  7583     4659.9972  8810     2691.0000     5125.3412  2257280   90.46%
  22052  7589     4686.0933  9615     2691.0000     5125.3412  2261883   90.46%
  22068  7595     4674.8163  9205     2691.0000     5125.3412  2266942   90.46%
Elapsed time = 976.69 sec. (329984.27 ticks, tree = 69.14 MB, solutions = 5)
  23781  8335     4654.9108  8924     2691.0000     5125.3412  2401140   90.46%
  23797  8341     4679.4184  9364     2691.0000     5125.3412  2407462   90.46%
  23813  8353     4682.5021  9622     2691.0000     5125.3412  2411541   90.46%
  23829  8359     4673.1129  9465     2691.0000     5125.3412  2415671   90.46%
  23845  8366     4672.4666  9501     2691.0000     5125.3412  2423479   90.46%
  24297  8539     3721.4914  7075     2691.0000     5125.3412  2474397   90.46%
  25516  8974     4707.3252  9019     2691.0000     5085.4458  2548016   88.98%
  25524  8980     4511.3113  8916     2691.0000     5085.4458  2555584   88.98%
  25532  8980     4717.6789  9586     2691.0000     5085.4458  2556834   88.98%
  25564  9004        cutoff           2691.0000     5085.4458  2570599   88.98%
Elapsed time = 1082.22 sec. (356218.67 ticks, tree = 82.00 MB, solutions = 5)
  27325  9748     3800.7492  7503     2691.0000     5085.0844  2699446   88.97%
  27349  9762     4492.6831  8854     2691.0000     5085.0844  2723438   88.97%
  27365  9778     4428.8837  8967     2691.0000     5085.0844  2736491   88.97%
  30503 10740     4424.0901  8791     2691.0000     5064.5941  2830716   88.20%
  30519 10749     4693.5171  9043     2691.0000     5064.5941  2841122   88.20%
  35021 13052     5051.9655 11003     2691.0000     5057.1969  2923657   87.93%
  35030 13061     4465.9112  8869     2691.0000     5057.1969  2953279   87.93%
  35046 13068     4307.7378  6611     2691.0000     5057.1969  2987951   87.93%
  35323 13128     4470.5481  8865     2691.0000     5045.2974  3058820   87.49%
  35339 13138     4412.9346  8706     2691.0000     5045.2974  3105798   87.49%
Elapsed time = 1299.54 sec. (412464.48 ticks, tree = 120.44 MB, solutions = 5)
  35568 13205     4618.9916  9432     2691.0000     5042.1847  3192766   87.37%
  35578 13209     4411.6616  8978     2691.0000     5042.1847  3216555   87.37%
  35592 13217     4385.9365  8706     2691.0000     5042.1847  3254536   87.37%
  35915 13264     4400.0176  8726     2691.0000     5041.1305  3328398   87.33%
  35927 13274     4515.3976  9286     2691.0000     5041.1305  3376513   87.33%
  35944 13287     4527.9983  8849     2691.0000     5041.1305  3408168   87.33%
  36796 13620     4602.1325  9316     2691.0000     5027.2589  3456831   86.82%
  36805 13629     4412.2925  8729     2691.0000     5027.2589  3483066   86.82%
  36820 13640     4363.9192  9182     2691.0000     5027.2589  3519097   86.82%
  38287 14452     4387.3978  8719     2691.0000     5026.8833  3612130   86.80%
Elapsed time = 1514.80 sec. (467149.13 ticks, tree = 132.52 MB, solutions = 5)
  38303 14464     4526.9181  8854     2691.0000     5026.8833  3637908   86.80%
  40638 16145     4519.3432  8817     2691.0000     5021.8100  3732854   86.62%
  40646 16152     4358.3432  9176     2691.0000     5021.8100  3746035   86.62%
  40672 16175     4474.0561  9129     2691.0000     5021.8100  3761926   86.62%
  42839 17404     4510.0411  9147     2691.0000     5020.2720  3861775   86.56%
  42849 17412     4357.5163  9165     2691.0000     5020.2720  3886323   86.56%
  42874 17433     4519.1102  9431     2691.0000     5020.2720  3912649   86.56%
  44128 18206     5015.1414 11015     2691.0000     5016.0234  3987400   86.40%
  45290 19066     4473.3710  9254     2691.0000     5015.9250  4102511   86.40%
  45306 19080     4475.4705  8882     2691.0000     5015.9250  4122356   86.40%
Elapsed time = 1781.67 sec. (532250.31 ticks, tree = 174.00 MB, solutions = 5)
Nodefile size = 39.57 MB (24.07 MB after compression)
  45316 19090     4210.7723  9168     2691.0000     5015.9250  4140454   86.40%
  46228 19991     4364.1234  9171     2691.0000     5014.4289  4225422   86.34%
  46236 19997     4349.9227  8709     2691.0000     5014.4289  4242846   86.34%
  46244 20005     4226.4575  9561     2691.0000     5014.4289  4261078   86.34%
  46931 20684     4512.6672  8931     2691.0000     5013.0127  4355512   86.29%
  46939 20692     4201.3372  9441     2691.0000     5013.0127  4377386   86.29%
  46969 20714     4506.1813  9379     2691.0000     5013.0127  4407431   86.29%
  47957 21686     4345.4399  8451     2691.0000     5011.0998  4471794   86.22%
  47963 21692     4504.8341  9715     2691.0000     5011.0998  4485888   86.22%
  49051 22724     4473.1666  9184     2691.0000     5010.7748  4584876   86.20%
Elapsed time = 1999.21 sec. (594726.50 ticks, tree = 203.20 MB, solutions = 5)
Nodefile size = 70.39 MB (44.18 MB after compression)
  49067 22730     4435.6280  8672     2691.0000     5010.7748  4594308   86.20%
  49083 22734     4464.8016  9265     2691.0000     5010.7748  4603715   86.20%
  50230 23646     4429.8779  9081     2691.0000     5008.5463  4720729   86.12%
  50246 23658     4490.0560  9342     2691.0000     5008.5463  4733312   86.12%
  50262 23670     4469.4186  9280     2691.0000     5008.5463  4740667   86.12%
  51646 24978     4451.0903  9226     2691.0000     5001.6546  4856074   85.87%
  51662 24994     4462.6491  9125     2691.0000     5001.6546  4872192   85.87%
  51678 25008     4483.9272  9339     2691.0000     5001.6546  4881005   85.87%
  52955 26243     4444.0775  8817     2691.0000     5000.5962  4980525   85.83%
  52971 26259     4453.5801  9240     2691.0000     5000.5962  4996311   85.83%
Elapsed time = 2194.99 sec. (646085.11 ticks, tree = 234.96 MB, solutions = 5)
Nodefile size = 101.98 MB (65.00 MB after compression)
  52987 26275     4472.5964  9138     2691.0000     5000.5962  5005999   85.83%
  53419 26693     4420.7075  9075     2691.0000     4999.4657  5043459   85.78%
  53435 26707     4431.7454  9187     2691.0000     4999.4657  5050933   85.78%
  53451 26721     4418.5786  8652     2691.0000     4999.4657  5059064   85.78%
  55649 28835     4414.1014  8981     2691.0000     4998.5060  5162536   85.75%
  55665 28847     4471.7239  9331     2691.0000     4998.5060  5173022   85.75%
  55681 28861     4435.8245  9419     2691.0000     4998.5060  5182575   85.75%
  57409 30471     4393.1988  8568     2691.0000     4993.5116  5265109   85.56%
  57425 30483     4392.5949  8998     2691.0000     4993.5116  5278947   85.56%
  57441 30493     4391.5949  8996     2691.0000     4993.5116  5286886   85.56%
Elapsed time = 2385.11 sec. (698050.88 ticks, tree = 273.17 MB, solutions = 5)
Nodefile size = 141.10 MB (84.61 MB after compression)
  58818 31709     4387.6829  8561     2691.0000     4990.5792  5378868   85.45%
  58834 31719     4387.0963  8989     2691.0000     4990.5792  5387206   85.45%
  58850 31729     4406.8813  9156     2691.0000     4990.5792  5394627   85.45%
  59828 32502     4413.8543  8765     2691.0000     4985.4598  5496268   85.26%
  59844 32510     4418.5128  9206     2691.0000     4985.4598  5507998   85.26%
  59860 32524     4402.0687  9151     2691.0000     4985.4598  5515127   85.26%
  62250 34529     4396.9069  9136     2691.0000     4981.3196  5609508   85.11%
  62266 34538     4620.7581 10696     2691.0000     4981.3196  5615393   85.11%
  62282 34550     4413.8892  9387     2691.0000     4981.3196  5622085   85.11%
  63707 35702     4558.7929  9642     2691.0000     4981.3196  5696149   85.11%
Elapsed time = 2559.55 sec. (747971.41 ticks, tree = 314.31 MB, solutions = 5)
Nodefile size = 178.48 MB (97.57 MB after compression)
  64822 36464     4928.6657 10557     2691.0000     4973.5757  5724403   84.82%
  64830 36472     4342.7483  9316     2691.0000     4973.5757  5767570   84.82%
  65907 37277     3944.5969  8204     2691.0000     4928.6579  5840614   83.15%
  65955 37321     3793.6335  6573     2691.0000     4928.6579  5855227   83.15%
  66021 37381     4321.1721  9582     2691.0000     4928.6579  5876256   83.15%
  67958 38976     4335.6461  9359     2691.0000     4928.6579  5955990   83.15%
  67974 38988     4368.9369  9287     2691.0000     4928.6579  5963559   83.15%
  69580 40266     4584.1089  8871     2691.0000     4922.0440  6071730   82.91%
  69582 40268     4291.5533  9193     2691.0000     4922.0440  6081781   82.91%
  69606 40292     4320.2286  9420     2691.0000     4922.0440  6098948   82.91%
Elapsed time = 2788.10 sec. (810858.58 ticks, tree = 368.18 MB, solutions = 5)
Nodefile size = 233.99 MB (116.51 MB after compression)
  70483 41169     4300.2123  9367     2691.0000     4922.0440  6165854   82.91%
  70499 41185     4323.4289  9454     2691.0000     4922.0440  6174777   82.91%
  71990 42672     4312.4316  9790     2691.0000     4920.5348  6261170   82.85%
  72006 42688     4326.8925  9472     2691.0000     4920.5348  6282349   82.85%
  73020 43636     4240.5453  8837     2691.0000     4920.5348  6367742   82.85%
  73036 43650     4392.4832  9389     2691.0000     4920.5348  6379014   82.85%
  73985 44464     4402.0436  8028     2691.0000     4920.5348  6466170   82.85%
  73990 44469     4362.6548  9073     2691.0000     4920.5348  6489374   82.85%
  74022 44499     3815.3312  8727     2691.0000     4920.5348  6501990   82.85%
  74637 45103     2901.6428  9505     2691.0000     4919.3383  6581735   82.81%
Elapsed time = 3085.97 sec. (890007.47 ticks, tree = 411.95 MB, solutions = 5)
Nodefile size = 279.52 MB (136.68 MB after compression)
  74653 45117     2784.9895  8246     2691.0000     4919.3383  6603881   82.81%
  74656 45120     3805.0579  8481     2691.0000     4919.3383  6614157   82.81%
  75536 45992     4293.5355  9709     2691.0000     4919.3383  6691249   82.81%
  75552 46004     4344.0901 10056     2691.0000     4919.3383  6703836   82.81%
  76392 46836     4391.2166  8015     2691.0000     4919.3383  6784268   82.81%
  76396 46840     4216.0034  8189     2691.0000     4919.3383  6792047   82.81%
  76420 46862     4306.3874  9280     2691.0000     4919.3383  6802501   82.81%
  77795 47664     4363.4959  9069     2691.0000     4917.0814  6898780   82.72%
  77811 47679     4288.1612  9700     2691.0000     4917.0814  6913393   82.72%
  78968 48605     4314.6588  9359     2691.0000     4917.0814  7010358   82.72%
Elapsed time = 3336.18 sec. (961931.33 ticks, tree = 447.46 MB, solutions = 5)
Nodefile size = 314.22 MB (152.28 MB after compression)
  78984 48619     4453.6504 10094     2691.0000     4917.0814  7018535   82.72%
  80667 50284     4403.2166  8029     2691.0000     4900.4097  7094631   82.10%
  80674 50291     4251.3256  8556     2691.0000     4900.4097  7103612   82.10%
  80690 50307     4296.7017  9671     2691.0000     4900.4097  7120230   82.10%
  81563 51176     4373.3874  9937     2691.0000     4900.4097  7205603   82.10%
  81579 51192     4288.3561  8980     2691.0000     4900.4097  7217231   82.10%
  82442 52051     4065.1888  8228     2691.0000     4900.4097  7311093   82.10%
  82456 52063     4115.4437  9712     2691.0000     4900.4097  7321086   82.10%
  82460 52067     4260.2350  9569     2691.0000     4900.4097  7330434   82.10%
  82471 52076     4296.5303 10720     2691.0000     4900.4097  7340402   82.10%
Elapsed time = 3565.85 sec. (1032663.26 ticks, tree = 484.17 MB, solutions = 5)
Nodefile size = 348.96 MB (165.42 MB after compression)
  82996 52481     3459.6293  7751     2691.0000     4900.4097  7427004   82.10%

Clique cuts applied:  534
Cover cuts applied:  19705
Implied bound cuts applied:  6823
Zero-half cuts applied:  160
Gomory fractional cuts applied:  16

Root node processing (before b&c):
  Real time             =   61.82 sec. (71867.70 ticks)
Parallel b&c, 8 threads:
  Real time             = 3539.09 sec. (968830.42 ticks)
  Sync time (average)   =    0.04 sec.
  Wait time (average)   =    0.00 sec.
                          ------------
Total (root+branch&cut) = 3600.91 sec. (1040698.12 ticks)

 ===================================================== 
 Model has 13169 rows and 13212 columns
 Objective   :          2691.0000
 UB          :          7817.7000
 LP gap      :           190.5128 (%)
 Status      :           Feasible
 GAP         :            82.1037 (%)
 Time        :           26503.78
 Iterations  :            7474872
 # B&B nodes :              83692
 # nodes left:              53132

 Solution includes 4 access points 
 ===================================================== 
solution:	8 10 14 15 
 ===================================================== 
coverage:	2691

 ===================================================== 
