Found incumbent of value 0.000000 after 0.00 sec. (0.75 ticks)
Probing time = 0.01 sec. (4.69 ticks)
Clique table members: 7366.
MIP emphasis: balance optimality and feasibility.
MIP search method: dynamic search.
Parallel mode: deterministic, using up to 8 threads.
Root relaxation solution time = 0.01 sec. (110.35 ticks)

        Nodes                                         Cuts/
   Node  Left     Objective  IInf  Best Integer    Best Bound    ItCnt     Gap

*     0+    0                            0.0000     8015.0000        0     --- 
*     0+    0                         1115.0000     8015.0000        0  618.83%
      0     0     7581.3462  2228     1115.0000     7581.3462        0  579.94%
*     0+    0                         5598.0000     7581.3462        0   35.43%
      0     0     7291.4598  2696     5598.0000    Cuts: 2104     2469   30.25%
      0     0     7153.2000  2743     5598.0000    Cuts: 2104     3935   27.78%
      0     0     7111.3669  2964     5598.0000    Cuts: 2104     5229   27.03%
      0     0     7057.4618  3092     5598.0000    Cuts: 2104     6446   26.07%
*     0+    0                         5864.0000     7057.4618     6446   20.35%
      0     0     7037.4507  3085     5864.0000    Cuts: 2104     7360   20.01%
      0     0     7018.4644  3085     5864.0000    Cuts: 2104     8301   19.69%
*     0+    0                         6004.0000     7018.4644     8301   16.90%
      0     0     6997.1350  3193     6004.0000    Cuts: 2104     9105   16.54%
      0     0     6978.2381  3286     6004.0000    Cuts: 2104     9856   16.23%
      0     0     6967.2105  3254     6004.0000    Cuts: 2104    10652   16.04%
      0     0     6954.7494  3215     6004.0000    Cuts: 2104    11369   15.84%
      0     0     6941.8812  3205     6004.0000    Cuts: 2104    12028   15.62%
      0     0     6930.8001  3261     6004.0000    Cuts: 2104    12578   15.44%
      0     0     6921.8395  3207     6004.0000    Cuts: 2104    13046   15.29%
      0     0     6914.0214  3355     6004.0000    Cuts: 2104    13551   15.16%
      0     0     6903.1382  3394     6004.0000    Cuts: 2104    14087   14.98%
      0     0     6895.7091  3412     6004.0000    Cuts: 2104    14480   14.85%
      0     0     6885.6363  3520     6004.0000    Cuts: 1627    15051   14.68%
      0     0     6876.4786  3470     6004.0000    Cuts: 2104    15506   14.53%
*     0+    0                         6077.0000     6876.4786    15506   13.16%
      0     0     6869.1426  3480     6077.0000    Cuts: 1419    16053   13.04%
      0     0     6863.5869  3574     6077.0000    Cuts: 2104    16448   12.94%
*     0+    0                         6115.0000     6863.5869    16448   12.24%
      0     0     6859.9673  3565     6115.0000    Cuts: 1134    16866   12.18%
      0     0     6856.0473  3587     6115.0000    Cuts: 1127    17251   12.12%
      0     0     6852.8234  3705     6115.0000     Cuts: 939    17624   12.07%
      0     0     6850.7723  3592     6115.0000     Cuts: 914    17925   12.03%
      0     0     6847.0686  3616     6115.0000     Cuts: 622    18249   11.97%
      0     0     6844.9505  3613     6115.0000     Cuts: 436    18512   11.94%
      0     0     6843.2804  3645     6115.0000    Cuts: 1328    18747   11.91%
      0     0     6841.9893  3631     6115.0000     Cuts: 500    18972   11.89%
*     0+    0                         6122.0000     6841.9893    18972   11.76%
      0     2     6841.9893  3631     6122.0000     6841.9893    18972   11.76%
Elapsed time = 16.01 sec. (20856.43 ticks, tree = 0.01 MB, solutions = 8)
      1     3     6833.9165  3120     6122.0000     6841.9893    20018   11.76%
      3     5     6828.7099  3148     6122.0000     6841.0180    21083   11.74%
     10    12     6836.4499  3308     6122.0000     6840.0722    23160   11.73%
     28    30     6835.1543  3314     6122.0000     6839.9783    26469   11.73%
     36    38     6825.1033  3163     6122.0000     6839.9783    29374   11.73%
     47    49     6811.0118  3264     6122.0000     6839.9783    33109   11.73%
     57    59     6806.6826  3256     6122.0000     6839.9783    36692   11.73%
     82    84     6808.4030  3254     6122.0000     6839.9783    46114   11.73%
     95    97     6832.7831  3318     6122.0000     6839.9783    48385   11.73%
    135   137     6825.8656  3180     6122.0000     6839.9783    57742   11.73%
Elapsed time = 25.72 sec. (25299.66 ticks, tree = 0.41 MB, solutions = 8)
    221   223     6811.4642  2687     6122.0000     6839.9783    76211   11.73%
    267   269     6502.0591  1966     6122.0000     6839.9783    84571   11.73%
    331   333     6777.1307  3118     6122.0000     6839.9783   102632   11.73%
    332   334     6809.2765  2711     6122.0000     6839.9783   102663   11.73%
    455   457     6684.3943  2472     6122.0000     6839.9783   124599   11.73%
    519   521     6788.4576  2747     6122.0000     6839.9783   135785   11.73%
    619   621     6803.8000  2689     6122.0000     6839.9783   157931   11.73%
    745   745     6740.6852  2724     6122.0000     6839.9783   194976   11.73%
    763   763     6751.0946  2868     6122.0000     6839.9783   200237   11.73%
    909   909     6736.2811  2414     6122.0000     6839.9783   242342   11.73%
Elapsed time = 60.53 sec. (37746.38 ticks, tree = 2.90 MB, solutions = 8)
    959   959     6780.3368  2753     6122.0000     6839.9783   261583   11.73%
   1006  1006     6765.6773  2624     6122.0000     6839.9783   272563   11.73%
   1090  1090     6776.5379  2604     6122.0000     6839.9783   298173   11.73%
   1153  1153     6671.8380  2544     6122.0000     6839.9783   310090   11.73%
   1201  1201     6664.2806  2572     6122.0000     6839.9783   322747   11.73%
   1284  1284     6769.5843  2494     6122.0000     6839.9783   350209   11.73%
   1312  1312     6660.0838  2508     6122.0000     6839.9783   366393   11.73%
   1344  1344     6725.4001  2459     6122.0000     6839.9783   379797   11.73%
   1453  1441     6577.1492  2234     6122.0000     6839.9783   420511   11.73%
   1472  1456     6760.7172  2580     6122.0000     6839.9783   422109   11.73%
Elapsed time = 96.89 sec. (50198.04 ticks, tree = 29.05 MB, solutions = 8)
   1547  1527     6725.7609  2309     6122.0000     6839.9783   438705   11.73%
   1627  1603     6743.0914  2418     6122.0000     6839.9783   463737   11.73%
   1707  1667     6504.7731  1986     6122.0000     6839.9783   487398   11.73%
   1739  1693     6502.7731  1985     6122.0000     6839.9783   502655   11.73%
   1755  1709     6501.7731  1987     6122.0000     6839.9783   510924   11.73%
   1893  1831     6681.5517  2396     6122.0000     6839.9783   556167   11.73%
   2030  1928     6786.1604  3101     6122.0000     6839.9783   602026   11.73%
   2094  1992     6752.8461  2645     6122.0000     6839.9783   616851   11.73%
   2172  2058     6730.6278  2424     6122.0000     6839.9783   642466   11.73%
   2222  2100     6709.2565  2947     6122.0000     6839.9783   664123   11.73%
Elapsed time = 134.97 sec. (62421.73 ticks, tree = 61.86 MB, solutions = 8)
   2260  2128     6682.5575  2291     6122.0000     6839.9783   679155   11.73%
   2427  2265     6700.5829  2144     6122.0000     6839.9783   741821   11.73%
   2483  2309     6590.6047  2458     6122.0000     6839.9783   760343   11.73%
   2531  2351     6685.6551  2138     6122.0000     6839.9783   774453   11.73%
   2587  2403     6712.9001  2316     6122.0000     6839.9783   790247   11.73%
   2651  2453     6690.6976  2139     6122.0000     6839.9783   812974   11.73%
   2699  2493     6687.6976  2139     6122.0000     6839.9783   826770   11.73%
   2922  2690    infeasible           6122.0000     6839.9783   897505   11.73%
   2973  2733        cutoff           6122.0000     6839.9783   915098   11.73%
   3029  2785     6634.1668  2451     6122.0000     6839.9783   932630   11.73%
Elapsed time = 164.30 sec. (73736.13 ticks, tree = 64.99 MB, solutions = 8)
   3077  2827     6640.5077  2453     6122.0000     6839.9783   948377   11.73%
   3157  2893     6652.9758  2425     6122.0000     6839.9783   975858   11.73%
   3194  2924    infeasible           6122.0000     6839.9783   988726   11.73%
   3493  3209    infeasible           6122.0000     6839.9783  1078106   11.73%
   3579  3293     6655.9010  2011     6122.0000     6839.9783  1099034   11.73%
   3619  3329     6616.8505  1991     6122.0000     6839.9783  1112151   11.73%
   3691  3391     6637.3517  2085     6122.0000     6839.9783  1129560   11.73%
   3779  3471     6586.7707  2173     6122.0000     6839.9783  1150893   11.73%
   3867  3545     6592.9119  1909     6122.0000     6839.9783  1174422   11.73%
   3947  3613     6628.3463  2105     6122.0000     6839.9783  1191819   11.73%
Elapsed time = 195.55 sec. (85342.64 ticks, tree = 65.84 MB, solutions = 8)
   4019  3663     6588.6561  1906     6122.0000     6839.9783  1206667   11.73%
   4781  4047     6823.6659  3059     6122.0000     6837.3675  1308963   11.69%
   4797  4059     6632.6369  3142     6122.0000     6837.3675  1318952   11.69%
   4861  4119     6760.6048  2960     6122.0000     6837.3675  1328864   11.69%
*  4927+ 4175                         6149.0000     6837.3675  1346056   11.19%
   4941  4189     6715.3123  3213     6149.0000     6837.3675  1349657   11.19%
   4957  4203     6748.8454  2706     6149.0000     6837.3675  1352049   11.19%
   4997  4243     6708.6537  3199     6149.0000     6837.3675  1362057   11.19%
   5045  4283     6574.0310  2364     6149.0000     6837.3675  1378023   11.19%
*  5435+ 4593                         6152.0000     6837.3675  1452142   11.14%
   5952  4975     6806.0472  2602     6152.0000     6837.3675  1519374   11.14%
*  5954+ 4975                         6191.0000     6837.3675  1519598   10.44%
*  5954+ 4975                         6216.0000     6837.3675  1519598   10.00%
   5984  5005     6803.4954  2539     6216.0000     6837.3675  1527527   10.00%
Elapsed time = 229.25 sec. (98604.66 ticks, tree = 60.94 MB, solutions = 8)
   6016  5037     6629.3488  2292     6216.0000     6837.3675  1535055   10.00%
   6192  5201     6771.3553  2434     6216.0000     6837.3675  1563785   10.00%
   6312  5321     6741.0892  2119     6216.0000     6837.3675  1585392   10.00%
   6384  5393     6766.6814  2068     6216.0000     6837.3675  1600275   10.00%
   6496  5505     6592.4762  2343     6216.0000     6837.3675  1623894   10.00%
   6576  5585     6745.2296  2147     6216.0000     6837.3675  1637792   10.00%
*  6643+ 5650                         6221.0000     6837.3675  1650066    9.91%
   6656  5665     6736.9834  2050     6221.0000     6837.3675  1651162    9.91%
   6728  5737     6664.1914  2096     6221.0000     6837.3675  1665671    9.91%
   6857  5866     6445.4338  2480     6221.0000     6837.3675  1697596    9.91%
   7435  6372     6802.4098  2778     6221.0000     6837.3675  1769083    9.91%
Elapsed time = 257.52 sec. (109142.11 ticks, tree = 63.77 MB, solutions = 14)
   7547  6470     6734.8280  2645     6221.0000     6837.3675  1787277    9.91%
   7697  6590     6722.9299  1981     6221.0000     6837.3675  1812963    9.91%
   7777  6654     6718.4231  1868     6221.0000     6837.3675  1826006    9.91%
   7873  6734     6712.0686  1925     6221.0000     6837.3675  1847942    9.91%
   7924  6783     6800.3598  2686     6221.0000     6837.3675  1862196    9.91%
   7962  6819     6421.2205  2353     6221.0000     6837.3675  1873046    9.91%
   8074  6929     6439.6127  2345     6221.0000     6837.3675  1889563    9.91%
   8162  7011     6405.5409  2343     6221.0000     6837.3675  1901096    9.91%
   8210  7059     6295.5151  2141     6221.0000     6837.3675  1907334    9.91%
   8242  7085     6345.6725  2677     6221.0000     6837.3675  1913406    9.91%
Elapsed time = 281.78 sec. (120445.32 ticks, tree = 62.74 MB, solutions = 12)
   9673  8462     6697.0428  2476     6221.0000     6837.3675  2044043    9.91%
   9701  8490     6789.8073  2652     6221.0000     6837.3675  2053622    9.91%
   9741  8530     6686.7732  1901     6221.0000     6837.3675  2062819    9.91%
   9933  8720     6556.3373  1809     6221.0000     6837.3675  2087671    9.91%
  10005  8792     6635.0311  1724     6221.0000     6837.3675  2100985    9.91%
  10053  8840     6549.7268  1803     6221.0000     6837.3675  2110133    9.91%
  10117  8904     6549.1866  1848     6221.0000     6837.3675  2120380    9.91%
  10165  8950     6542.5097  1799     6221.0000     6837.3675  2132501    9.91%
  10237  9014     6553.2498  1820     6221.0000     6837.3675  2148246    9.91%
  10509  9270     6778.5597  2781     6221.0000     6837.3675  2194471    9.91%
Elapsed time = 320.29 sec. (133592.97 ticks, tree = 71.29 MB, solutions = 16)
  12433 11006     6777.0876  2946     6221.0000     6837.3675  2388034    9.91%
  12667 11231     6785.6740  2636     6221.0000     6837.3675  2422909    9.91%
  13251 11789     6660.0974  2274     6221.0000     6837.3675  2477974    9.91%
  14627 13127     6742.8438  2277     6221.0000     6823.1541  2630424    9.68%
  15434 13934     6747.7175  2817     6221.0000     6823.1541  2680631    9.68%
  16235 14733     6759.1630  3042     6221.0000     6823.1541  2758767    9.68%
  17126 15545     6765.3111  2988     6221.0000     6822.2061  2854935    9.66%
  17324 15743     6521.2602  2535     6221.0000     6822.2061  2900287    9.66%
  17572 15991     6618.2422  2357     6221.0000     6822.2061  2930775    9.66%
  19103 17522     6699.6478  2680     6221.0000     6822.1695  3110423    9.66%
Elapsed time = 453.68 sec. (173533.69 ticks, tree = 122.94 MB, solutions = 16)
  19269 17688     6437.2314  2315     6221.0000     6822.1695  3161097    9.66%
  20412 18818     6803.2836  3154     6221.0000     6822.1695  3309993    9.66%
  20602 19008     6636.7352  2434     6221.0000     6822.1695  3353022    9.66%
  20908 19308     6573.2863  1979     6221.0000     6822.1695  3434212    9.66%
  22050 20400     6771.7357  2702     6221.0000     6822.1695  3565365    9.66%
  22338 20686     6545.3985  1015     6221.0000     6822.1695  3612484    9.66%
  22414 20762     6726.9717  2860     6221.0000     6822.1695  3624695    9.66%
  24400 22743     6726.1881  2968     6221.0000     6819.2589  3785477    9.62%
  24860 23195     6627.5971  2206     6221.0000     6819.2589  3819705    9.62%
  25204 23512     6602.7088  2160     6221.0000     6819.2589  3837226    9.62%
Elapsed time = 585.93 sec. (213209.60 ticks, tree = 150.19 MB, solutions = 16)
Nodefile size = 19.96 MB (11.25 MB after compression)
  26760 24939     6713.6265  3013     6221.0000     6818.5126  4006288    9.60%
  27215 25365     6492.9871  2018     6221.0000     6818.5126  4046886    9.60%
  28729 26770     6674.0989  2417     6221.0000     6818.3221  4179090    9.60%
  28937 26978     6577.7517  2557     6221.0000     6818.3221  4224057    9.60%
  29113 27154     6544.3978  2297     6221.0000     6818.3221  4255109    9.60%
  30589 28617     6557.5357  2610     6221.0000     6818.2790  4412789    9.60%
  30990 29005     6621.5321  2055     6221.0000     6818.2790  4505500    9.60%
  32049 30053     6751.7148  2787     6221.0000     6818.2790  4620370    9.60%
  32292 30291     6655.2264  2334     6221.0000     6818.2790  4689426    9.60%
  32516 30515     6544.1108  1899     6221.0000     6818.2790  4731094    9.60%
Elapsed time = 715.71 sec. (253027.75 ticks, tree = 188.52 MB, solutions = 16)
Nodefile size = 58.55 MB (31.76 MB after compression)
  33674 31673     6734.4850  2616     6221.0000     6817.6941  4851517    9.59%
  33860 31859     6641.2877  2396     6221.0000     6817.6941  4909462    9.59%
  34696 32695     6767.7379  2585     6221.0000     6817.6941  4987254    9.59%
  35218 33217     6682.1721  2574     6221.0000     6817.2055  5074710    9.58%
  35592 33591     6540.4180  2001     6221.0000     6817.2055  5130593    9.58%
  37121 35111     6765.7308  2762     6221.0000     6817.0570  5256399    9.58%
  37225 35215     6612.7299  2328     6221.0000     6817.0570  5293708    9.58%
  38401 36370     6728.7607  3016     6221.0000     6817.0570  5428341    9.58%
* 38788+36755                         6253.0000     6817.0570  5465784    9.02%
  38976 36944     6518.3232  2437     6253.0000     6817.0570  5496986    9.02%
  39248 37216     6532.4311  1928     6253.0000     6817.0570  5531682    9.02%
Elapsed time = 860.36 sec. (294299.04 ticks, tree = 222.62 MB, solutions = 16)
Nodefile size = 92.12 MB (46.83 MB after compression)
* 40100+38062                         6282.0000     6817.0570  5601473    8.52%
  40479 38304     6756.0021  3046     6282.0000     6817.0570  5655581    8.52%
  40881 38702     6425.1395  1905     6282.0000     6817.0570  5716491    8.52%
  41802 39621     6595.7705  2435     6282.0000     6817.0570  5812681    8.52%
  42491 40302     6437.8450  1930     6282.0000     6815.8835  5886355    8.50%
  42961 40757     6472.5211  1524     6282.0000     6815.8835  5928311    8.50%
  44303 42085     6730.3473  3136     6282.0000     6815.5611  6040432    8.49%
  44391 42167     6593.6291  2168     6282.0000     6815.5611  6059931    8.49%
  44679 42429        cutoff           6282.0000     6815.5611  6120575    8.49%
  46330 44024     6585.3526  2588     6282.0000     6815.1831  6249199    8.49%
  46618 44276     6387.1230  1969     6282.0000     6815.1831  6282647    8.49%
Elapsed time = 1003.67 sec. (334730.93 ticks, tree = 256.66 MB, solutions = 18)
Nodefile size = 126.50 MB (59.98 MB after compression)
  48333 45922     6656.3040  2548     6282.0000     6814.8926  6423695    8.48%
  48573 46158     6495.6922  1894     6282.0000     6814.8926  6459271    8.48%
  50408 47944     6768.8235  3114     6282.0000     6814.6796  6603668    8.48%
  50528 48064     6679.8305  2647     6282.0000     6814.6796  6643883    8.48%
  50903 48427     6610.9043  1983     6282.0000     6814.6796  6700096    8.48%
  52170 49624     6507.9774  2352     6282.0000     6813.8510  6831190    8.47%
  52402 49841     6723.8416  3029     6282.0000     6813.8510  6881471    8.47%
  53639 51060     6585.2968  2084     6282.0000     6813.6544  6998700    8.46%
  53740 51157     6597.4656  2167     6282.0000     6813.6544  7036896    8.46%
  54119 51516     6517.4817  1914     6282.0000     6813.6544  7092950    8.46%
Elapsed time = 1138.92 sec. (374766.77 ticks, tree = 292.12 MB, solutions = 18)
Nodefile size = 161.82 MB (71.24 MB after compression)
  55574 52909     6742.0692  3102     6282.0000     6812.6843  7212861    8.45%
  55972 53297     6462.5983  1490     6282.0000     6812.6843  7286370    8.45%
  57284 54596     6785.1281  3268     6282.0000     6812.6843  7380036    8.45%
  57330 54636     6735.2421  3130     6282.0000     6812.6235  7395293    8.45%
  57960 55195     6431.8256  1369     6282.0000     6812.6235  7476103    8.45%
  58919 56129     6582.9726  2406     6282.0000     6812.0857  7576617    8.44%
  59223 56422     6495.9696  1559     6282.0000     6812.0857  7631864    8.44%
  61100 58295     6682.5166  2735     6282.0000     6811.5345  7724101    8.43%
  61869 58951     6404.0341  1156     6282.0000     6811.5345  7807403    8.43%
  62594 59610     6766.3494  3329     6282.0000     6811.5345  7833802    8.43%
Elapsed time = 1284.47 sec. (415378.70 ticks, tree = 331.92 MB, solutions = 18)
Nodefile size = 200.22 MB (81.21 MB after compression)
  62872 59884     6620.2136  2849     6282.0000     6811.1065  7923288    8.42%
  63398 60407     6308.5702  1600     6282.0000     6811.1065  7954052    8.42%
  64700 61709     6718.6980  3188     6282.0000     6810.9085  8076052    8.42%
  64820 61828     6508.9189  1779     6282.0000     6810.9085  8103105    8.42%
  66026 62870     6620.5973  2937     6282.0000     6810.7931  8228304    8.42%
  66147 62971     6616.5011  2541     6282.0000     6810.7931  8253980    8.42%
  67521 64239     6674.5531  2687     6282.0000     6810.7931  8364133    8.42%
  68014 64618     6589.1880  2782     6282.0000     6810.4323  8399700    8.41%
  68230 64823     6390.8801  1176     6282.0000     6810.4323  8418519    8.41%
  70077 66635     6690.3206  2643     6282.0000     6810.3872  8552219    8.41%
Elapsed time = 1437.71 sec. (455637.77 ticks, tree = 373.82 MB, solutions = 18)
Nodefile size = 243.32 MB (91.19 MB after compression)
  70457 67000     6580.9199  2652     6282.0000     6810.3872  8597518    8.41%
  72135 68677     6681.9761  3238     6282.0000     6810.0919  8708884    8.41%
  72209 68751     6598.0302  2969     6282.0000     6810.0919  8749672    8.41%
  72534 69076     6405.6800  1551     6282.0000     6810.0919  8789902    8.41%
  73674 70215     6702.4168  3225     6282.0000     6809.9345  8892373    8.40%
  73858 70394     6501.5541  2162     6282.0000     6809.9345  8943060    8.40%
  74888 71200     6634.1527  2577     6282.0000     6809.4428  9051325    8.40%
  75017 71310     6526.3030  2437     6282.0000     6809.4428  9079697    8.40%
  76459 72700     6673.6240  2810     6282.0000     6809.4428  9144997    8.40%
  77129 73365     6502.3747  2286     6282.0000     6809.1627  9224940    8.39%
Elapsed time = 1595.16 sec. (495666.77 ticks, tree = 408.16 MB, solutions = 18)
Nodefile size = 278.65 MB (99.19 MB after compression)
  77393 73621     6327.6592  1709     6282.0000     6809.1627  9268682    8.39%
  78565 74777     6631.2755  2584     6282.0000     6809.1627  9366707    8.39%
  79225 75429     6361.0729  1428     6282.0000     6809.1627  9407315    8.39%
  79745 75937     6678.5031  2806     6282.0000     6809.1627  9424274    8.39%
  80251 76440     6505.7665  2356     6282.0000     6808.7840  9554525    8.39%
  80531 76702     6689.0831  2881     6282.0000     6808.7840  9577771    8.39%
  81601 77758     6586.6944  2496     6282.0000     6808.7033  9703337    8.38%
  82001 78112     6377.2010  1938     6282.0000     6808.7033  9756587    8.38%
  83076 79014     6615.2221  2512     6282.0000     6808.5284  9852593    8.38%
  83180 79118     6475.2273  2552     6282.0000     6808.5284  9892688    8.38%
Elapsed time = 1758.79 sec. (537536.18 ticks, tree = 439.08 MB, solutions = 18)
Nodefile size = 308.83 MB (106.12 MB after compression)
  84644 80462     6626.2322  2602     6282.0000     6808.3443 10016406    8.38%
  85101 80878     6629.0740  2633     6282.0000     6808.3443 10058566    8.38%
  86660 82392     6668.1223  2740     6282.0000     6808.3443 10152391    8.38%
  86818 82549     6469.0243  1040     6282.0000     6808.2118 10196318    8.38%
  87929 83616     6537.1175  2381     6282.0000     6808.2118 10245907    8.38%
  88681 84281     6651.6618  2818     6282.0000     6808.0907 10326915    8.37%
  88717 84317     6508.2934  2262     6282.0000     6808.0907 10351953    8.37%
  90240 85763     6527.3641  2725     6282.0000     6807.9712 10493007    8.37%
  90379 85895     6564.4191  2478     6282.0000     6807.9712 10521395    8.37%
  91859 87258     6634.4048  2515     6282.0000     6807.7530 10643424    8.37%
Elapsed time = 1913.30 sec. (580307.77 ticks, tree = 483.75 MB, solutions = 18)
Nodefile size = 354.15 MB (116.71 MB after compression)
  91964 87363     6337.3666  1717     6282.0000     6807.7530 10684678    8.37%
  92604 87959     6671.3952  2692     6282.0000     6807.7530 10704948    8.37%
  93874 89224     6687.8352  3042     6282.0000     6807.5189 10812219    8.37%
  94612 89930     6502.7383  2727     6282.0000     6807.5189 10848855    8.37%
  95943 91260     6738.7783  3165     6282.0000     6807.4062 10936765    8.36%
  96023 91336     6606.6967  3038     6282.0000     6807.4062 10988858    8.36%
  96186 91494     6654.4093  2847     6282.0000     6807.4062 11035900    8.36%
  97201 92509     6654.5257  2558     6282.0000     6807.2483 11124325    8.36%
  97554 92860     6471.6423  1146     6282.0000     6807.2483 11178525    8.36%
  98920 94108     6622.6995  2650     6282.0000     6807.1805 11277423    8.36%
Elapsed time = 2066.15 sec. (621353.94 ticks, tree = 521.37 MB, solutions = 18)
Nodefile size = 391.39 MB (125.96 MB after compression)
  99230 94418     6440.7428  1314     6282.0000     6807.1805 11349074    8.36%
  99893 95033     6691.6853  2939     6282.0000     6807.1805 11404614    8.36%
 100500 95625     6572.4323  2744     6282.0000     6807.1493 11470819    8.36%
 100700 95798     6663.7965  2733     6282.0000     6807.1493 11504840    8.36%
 102085 97069     6665.3280  2830     6282.0000     6806.8603 11615102    8.35%
 102347 97331     6689.5304  3035     6282.0000     6806.8603 11652043    8.35%
 103827 98802     6753.2748  3259     6282.0000     6806.8603 11736197    8.35%
 103906 98881     6646.2916  2970     6282.0000     6806.6197 11773503    8.35%
 104162 99133     6302.9069  1524     6282.0000     6806.6197 11813822    8.35%
 105285 100252     6722.1265  2726     6282.0000     6806.5793 11904373    8.35%
Elapsed time = 2213.18 sec. (662168.08 ticks, tree = 555.56 MB, solutions = 18)
Nodefile size = 424.98 MB (133.77 MB after compression)
 105373 100337     6609.2969  2775     6282.0000     6806.5793 11935397    8.35%
 106635 101539     6662.6776  2751     6282.0000     6806.5793 12047463    8.35%
 107059 101952     6326.5134  1276     6282.0000     6806.4706 12117102    8.35%
 107354 102193     6651.2077  2916     6282.0000     6806.4706 12147160    8.35%
 108361 103050     6638.7219  2692     6282.0000     6806.1893 12245116    8.34%
 108479 103168     6634.7869  2777     6282.0000     6806.1893 12279133    8.34%
 109914 104479     6671.0148  3082     6282.0000     6806.1893 12351181    8.34%
 110083 104648     6690.1404  3187     6282.0000     6806.0663 12400554    8.34%
 110587 105124     6516.5156  2163     6282.0000     6806.0663 12435704    8.34%
 112158 106673     6652.7658  2708     6282.0000     6805.9961 12527252    8.34%
Elapsed time = 2361.59 sec. (703368.88 ticks, tree = 590.88 MB, solutions = 18)
Nodefile size = 459.98 MB (141.93 MB after compression)
 112309 106824     6622.5449  2653     6282.0000     6805.9961 12564992    8.34%
 113620 108085     6570.1929  2633     6282.0000     6805.9961 12599785    8.34%
 113905 108367     6519.6214  2423     6282.0000     6805.6978 12685807    8.34%
 113993 108448     6460.1218  1812     6282.0000     6805.6978 12721629    8.34%
 115160 109542     6705.9036  2510     6282.0000     6805.6978 12791027    8.34%
 115486 109866     6622.0439  2220     6282.0000     6805.4738 12865258    8.33%
 116004 110323     6346.4288  1257     6282.0000     6805.4738 12928718    8.33%
 117239 111535     6643.0213  3035     6282.0000     6805.4738 13002258    8.33%
 117862 112139     6746.9706  3196     6282.0000     6805.4738 13058192    8.33%
 118885 113157     6666.6262  3189     6282.0000     6805.0259 13164728    8.33%
Elapsed time = 2518.97 sec. (745562.49 ticks, tree = 626.10 MB, solutions = 18)
Nodefile size = 496.15 MB (150.12 MB after compression)
 120096 114239     6597.6801  2888     6282.0000     6805.0259 13222589    8.33%
 120631 114774     6592.2977  3075     6282.0000     6804.7912 13297814    8.32%
 120923 115064     6423.2758  1592     6282.0000     6804.7912 13346886    8.32%
 122280 116336     6663.7421  2828     6282.0000     6804.6937 13436252    8.32%
 122375 116421     6558.8043  3181     6282.0000     6804.6937 13463458    8.32%
 123623 117307     6741.0615  3093     6282.0000     6804.6937 13555087    8.32%
 123724 117387     6670.7689  3101     6282.0000     6804.5568 13601810    8.32%
 124036 117699     6513.5337  1879     6282.0000     6804.5568 13626731    8.32%
 125292 118953     6696.4200  2851     6282.0000     6804.5568 13685384    8.32%
 125983 119631     6626.6954  2652     6282.0000     6804.3554 13764084    8.32%
Elapsed time = 2668.54 sec. (786265.34 ticks, tree = 661.67 MB, solutions = 18)
Nodefile size = 531.70 MB (158.39 MB after compression)
 126829 120388     6727.5174  2867     6282.0000     6804.3554 13821679    8.32%
 127647 121121     6705.4126  3168     6282.0000     6804.3554 13898306    8.32%
 127751 121213     6600.7452  2875     6282.0000     6804.3554 13928298    8.32%
 129423 122845     6661.5153  2791     6282.0000     6804.0522 14033014    8.31%
 129476 122898     6656.4578  3035     6282.0000     6804.0522 14054414    8.31%
 129780 123189     6361.0945  1554     6282.0000     6804.0522 14102883    8.31%
 131044 124311     6682.7668  3154     6282.0000     6803.9723 14226846    8.31%
 131589 124803     6384.4688  1685     6282.0000     6803.9723 14304677    8.31%
 132068 125255     6735.6098  3096     6282.0000     6803.9723 14356329    8.31%
 132336 125523     6626.8931  2686     6282.0000     6803.6294 14420138    8.30%
Elapsed time = 2816.31 sec. (826632.99 ticks, tree = 693.73 MB, solutions = 18)
Nodefile size = 563.74 MB (165.91 MB after compression)
 132911 126097     6420.9399  1604     6282.0000     6803.6294 14465652    8.30%
 133782 126967     6604.4843  2332     6282.0000     6803.4898 14546819    8.30%
 134054 127225     6377.3738  1553     6282.0000     6803.4898 14587768    8.30%
 135612 128747     6659.1127  2672     6282.0000     6803.4898 14706029    8.30%
 135756 128879     6550.1795  2184     6282.0000     6803.4898 14751284    8.30%
 137038 130086     6698.6649  3080     6282.0000     6803.1910 14863947    8.30%
 137344 130392     6526.8727  2032     6282.0000     6803.1910 14908531    8.30%
 138663 131684     6635.0363  2799     6282.0000     6803.0046 15001188    8.29%
 138697 131715     6572.8513  2673     6282.0000     6803.0046 15021353    8.29%
 139437 132363     6699.7770  3015     6282.0000     6803.0046 15106511    8.29%
Elapsed time = 2981.12 sec. (870521.87 ticks, tree = 726.89 MB, solutions = 18)
Nodefile size = 596.55 MB (173.31 MB after compression)
 140151 133044     6569.9160  2578     6282.0000     6802.9746 15190665    8.29%
 140750 133588     6438.2010  1357     6282.0000     6802.9746 15229745    8.29%
 141986 134743     6554.3507  2752     6282.0000     6802.8979 15322872    8.29%
 142084 134841     6471.2010  1442     6282.0000     6802.8979 15372343    8.29%
 143259 136015     6667.2582  3097     6282.0000     6802.5807 15470623    8.29%
 143348 136102     6636.1185  2936     6282.0000     6802.5807 15510021    8.29%
 144361 137054     6571.0590  2822     6282.0000     6802.5807 15620864    8.29%
 144415 137106     6621.2412  2586     6282.0000     6802.5807 15649839    8.29%
 144998 137635     6343.7647  1330     6282.0000     6802.5807 15749040    8.29%
 145508 138054     6604.6281  2568     6282.0000     6802.5807 15798849    8.29%
Elapsed time = 3141.75 sec. (912119.46 ticks, tree = 762.15 MB, solutions = 18)
Nodefile size = 631.30 MB (180.89 MB after compression)
 145757 138297     6633.1483  2999     6282.0000     6802.5807 15859177    8.29%
 146648 139171     6702.9810  3166     6282.0000     6802.2607 15956257    8.28%
 146690 139213     6609.0960  2741     6282.0000     6802.2607 15982237    8.28%
 147391 139912     6374.5621  1089     6282.0000     6802.2607 16050831    8.28%
 148387 140885     6695.5177  3153     6282.0000     6801.7870 16133349    8.27%
 148459 140957     6556.4282  2248     6282.0000     6801.7870 16161005    8.27%
 149617 142018     6632.2087  2987     6282.0000     6801.6749 16276479    8.27%
 149683 142082     6593.9980  2724     6282.0000     6801.6749 16311084    8.27%
 150239 142598     6346.7555  1434     6282.0000     6801.6749 16370230    8.27%
 151230 143491     6614.2713  2955     6282.0000     6801.4221 16449671    8.27%
Elapsed time = 3287.71 sec. (952256.35 ticks, tree = 793.21 MB, solutions = 18)
Nodefile size = 662.78 MB (187.75 MB after compression)
 151334 143583     6472.4020  1952     6282.0000     6801.4221 16490049    8.27%
 152520 144751     6669.7612  2708     6282.0000     6801.4221 16586939    8.27%
 152623 144849     6562.2335  2291     6282.0000     6801.1910 16625123    8.26%
 152734 144957     6463.3954  2109     6282.0000     6801.1910 16650355    8.26%
 153977 146043     6646.4769  3097     6282.0000     6801.1910 16760244    8.26%
 154089 146153     6552.6090  2653     6282.0000     6801.1910 16794936    8.26%
 155378 147431     6621.9742  3144     6282.0000     6801.1910 16887624    8.26%
 155412 147465     6628.9915  2807     6282.0000     6801.0534 16914318    8.26%
 155810 147861     6495.3995  1525     6282.0000     6801.0534 16975496    8.26%
 156488 148535     6552.3707  2678     6282.0000     6801.0534 17053150    8.26%
Elapsed time = 3441.83 sec. (993884.52 ticks, tree = 822.37 MB, solutions = 18)
Nodefile size = 691.04 MB (193.75 MB after compression)
 156729 148766     6443.8258  1904     6282.0000     6801.0534 17104527    8.26%
 157776 149635     6673.7296  2785     6282.0000     6800.6281 17186759    8.26%
 157843 149702     6596.3875  2827     6282.0000     6800.6281 17232890    8.26%
 159063 150816     6656.1296  2738     6282.0000     6800.6281 17324570    8.26%
 159104 150855     6650.7127  3114     6282.0000     6800.4699 17361537    8.25%
 159208 150951     6480.0583  2413     6282.0000     6800.4699 17398509    8.25%
 160376 152118     6597.1955  2947     6282.0000     6800.3389 17482786    8.25%
 160465 152205     6493.6322  1619     6282.0000     6800.3389 17522690    8.25%
 161469 153143     6686.1207  2833     6282.0000     6800.3389 17627168    8.25%
 161581 153249     6630.6709  2872     6282.0000     6800.2913 17650929    8.25%
Elapsed time = 3593.06 sec. (1036109.77 ticks, tree = 849.65 MB, solutions = 18)
Nodefile size = 718.59 MB (199.74 MB after compression)

Clique cuts applied:  1480
Cover cuts applied:  6083
Implied bound cuts applied:  7202
Zero-half cuts applied:  173
Gomory fractional cuts applied:  4

Root node processing (before b&c):
  Real time             =   15.94 sec. (20737.47 ticks)
Parallel b&c, 8 threads:
  Real time             = 3584.46 sec. (1018995.81 ticks)
  Sync time (average)   =    0.06 sec.
  Wait time (average)   =    0.00 sec.
                          ------------
Total (root+branch&cut) = 3600.39 sec. (1039733.28 ticks)

 ===================================================== 
 Model has 8016 rows and 8062 columns
 Objective   :          6282.0000
 UB          :          7581.3462
 LP gap      :            20.6836 (%)
 Status      :           Feasible
 GAP         :             8.2504 (%)
 Time        :           27440.11
 Iterations  :           17722362
 # B&B nodes :             162300
 # nodes left:             153925

 Solution includes 23 access points 
 ===================================================== 
solution:	4 7 13 14 17 18 19 20 21 23 24 25 26 29 35 36 37 38 40 41 42 43 44 
 ===================================================== 
coverage:	6282

 ===================================================== 
