Found incumbent of value 0.000000 after 0.00 sec. (0.75 ticks)
Probing time = 0.01 sec. (4.69 ticks)
Clique table members: 7366.
MIP emphasis: balance optimality and feasibility.
MIP search method: dynamic search.
Parallel mode: deterministic, using up to 8 threads.
Root relaxation solution time = 0.01 sec. (110.21 ticks)

        Nodes                                         Cuts/
   Node  Left     Objective  IInf  Best Integer    Best Bound    ItCnt     Gap

*     0+    0                            0.0000     8015.0000        0     --- 
*     0+    0                           57.0000     8015.0000        0     --- 
      0     0     6512.2363  4594       57.0000     6512.2363        0     --- 
*     0+    0                         3322.0000     6512.2363        0   96.03%
      0     0     6195.1524  4445     3322.0000    Cuts: 2104     1862   86.49%
*     0+    0                         3794.0000     6195.1524     1862   63.29%
      0     0     5917.4721  4745     3794.0000    Cuts: 2104     4176   55.97%
*     0+    0                         4542.0000     5917.4721     4176   30.28%
      0     0     5660.8809  4799     4542.0000    Cuts: 2104     6646   24.63%
      0     0     5568.2753  4684     4542.0000    Cuts: 2104     8444   22.60%
      0     0     5523.2743  4930     4542.0000    Cuts: 2104     9597   21.60%
      0     0     5482.1962  4912     4542.0000    Cuts: 2104    10792   20.70%
      0     0     5453.4278  4620     4542.0000    Cuts: 2104    12178   20.07%
      0     0     5424.4450  4996     4542.0000    Cuts: 2104    13236   19.43%
      0     0     5405.8947  4858     4542.0000    Cuts: 2104    14035   19.02%
      0     0     5389.5447  4912     4542.0000    Cuts: 2022    14873   18.66%
      0     0     5372.1943  4901     4542.0000    Cuts: 2104    15674   18.28%
      0     0     5363.0562  4913     4542.0000    Cuts: 2104    16257   18.08%
      0     0     5352.9948  4843     4542.0000    Cuts: 1957    16944   17.86%
      0     0     5346.2224  5037     4542.0000    Cuts: 1880    17439   17.71%
      0     0     5341.3172  4836     4542.0000    Cuts: 1508    17877   17.60%
*     0+    0                         4738.0000     5341.3172    17877   12.73%
      0     0     5334.5863  5101     4738.0000    Cuts: 2006    18494   12.59%
      0     0     5330.3204  4966     4738.0000    Cuts: 1613    18935   12.50%
      0     0     5325.3899  4912     4738.0000    Cuts: 1111    19372   12.40%
      0     0     5321.0849  4981     4738.0000    Cuts: 1493    19828   12.31%
      0     0     5317.8354  5063     4738.0000    Cuts: 1058    20219   12.24%
      0     0     5314.1844  5036     4738.0000     Cuts: 945    20603   12.16%
      0     0     5311.3916  4976     4738.0000    Cuts: 1011    21076   12.10%
      0     0     5308.7693  4974     4738.0000     Cuts: 690    21386   12.05%
      0     0     5307.4878  5125     4738.0000     Cuts: 495    21617   12.02%
      0     0     5305.9103  5001     4738.0000     Cuts: 570    21868   11.99%
      0     0     5304.8415  5001     4738.0000     Cuts: 353    22102   11.96%
      0     0     5303.5240  5116     4738.0000     Cuts: 422    22353   11.94%
      0     2     5303.5240  5116     4738.0000     5303.5240    22353   11.94%
Elapsed time = 20.88 sec. (27296.46 ticks, tree = 0.01 MB, solutions = 6)
      1     3     5291.7436  4321     4738.0000     5303.5240    23526   11.94%
      3     5     5248.9456  4089     4738.0000     5299.6918    25907   11.86%
     10    12     5257.8255  4356     4738.0000     5298.7517    30722   11.84%
     21    23     5296.0565  5104     4738.0000     5298.2822    44021   11.83%
     27    28     4935.3930  2674     4738.0000     5298.2822    47923   11.83%
     29    30     5262.9489  4149     4738.0000     5298.2822    50318   11.83%
     54    53     5158.0411  3165     4738.0000     5298.2822    62450   11.83%
     89    74     5106.7276  2944     4738.0000     5295.9479    72710   11.78%
     97    78     4987.7968  2776     4738.0000     5295.9479    83997   11.78%
    186   113     5288.6734  4657     4738.0000     5293.1682   119431   11.72%
Elapsed time = 39.10 sec. (35389.40 ticks, tree = 0.06 MB, solutions = 6)
    203   128     5181.0958  3480     4738.0000     5293.1682   127037   11.72%
    251   158     5151.1624  3351     4738.0000     5293.1682   152501   11.72%
    443   180     5113.1059  2951     4738.0000     5293.1450   165761   11.72%
    475   208     5096.2884  3007     4738.0000     5293.1450   183053   11.72%
    547   254     5283.0172  4635     4738.0000     5293.1450   213770   11.72%
    550   257     5135.6293  3402     4738.0000     5293.1450   219112   11.72%
    594   291     5186.8074  3541     4738.0000     5293.1450   251630   11.72%
    615   312     5145.2795  3692     4738.0000     5293.1450   266465   11.72%
    634   329     5162.5463  3509     4738.0000     5293.1450   285755   11.72%
    732   419     5182.0561  3693     4738.0000     5293.1450   336576   11.72%
Elapsed time = 84.04 sec. (51902.83 ticks, tree = 1.28 MB, solutions = 6)
    750   435     5088.5532  2812     4738.0000     5293.1450   352645   11.72%
    766   451     5136.6807  3190     4738.0000     5293.1450   367627   11.72%
    804   475     5095.6279  3146     4738.0000     5293.1450   400450   11.72%
    911   528     5272.2136  4541     4738.0000     5293.1450   421979   11.72%
    921   532     5142.9888  3531     4738.0000     5293.1450   434170   11.72%
    945   554     5151.3393  3746     4738.0000     5293.1450   450635   11.72%
    977   586     5232.9863  3811     4738.0000     5293.1450   469120   11.72%
   1327   690     5240.8013  4096     4738.0000     5293.1450   519856   11.72%
   1360   718     5191.1532  3171     4738.0000     5293.1450   534936   11.72%
   1386   740     5232.2475  3989     4738.0000     5293.1450   546671   11.72%
Elapsed time = 129.84 sec. (67338.67 ticks, tree = 2.59 MB, solutions = 6)
   1486   806     5250.4791  4125     4738.0000     5293.1450   613327   11.72%
   1502   818     5111.3373  3157     4738.0000     5293.1450   626057   11.72%
   1511   827     5252.3823  3862     4738.0000     5293.1450   629331   11.72%
   1527   837        cutoff           4738.0000     5293.1450   639941   11.72%
   1559   859     5023.4132  3792     4738.0000     5293.1450   663449   11.72%
   1699   987     5194.1092  3280     4738.0000     5293.1450   735506   11.72%
   1716  1000    infeasible           4738.0000     5293.1450   751794   11.72%
   1732  1014        cutoff           4738.0000     5293.1450   763675   11.72%
   1748  1028    infeasible           4738.0000     5293.1450   773755   11.72%
   1764  1042     5153.0687  3660     4738.0000     5293.1450   785410   11.72%
Elapsed time = 177.14 sec. (83575.67 ticks, tree = 3.60 MB, solutions = 6)
   1903  1153     5246.6018  4040     4738.0000     5293.1450   847978   11.72%
   1911  1161     5191.3391  3274     4738.0000     5293.1450   850591   11.72%
   1927  1173     5097.3678  3231     4738.0000     5293.1450   869123   11.72%
   1943  1187     5062.8645  2927     4738.0000     5293.1450   881344   11.72%
   1959  1201     5118.4031  3533     4738.0000     5293.1450   895705   11.72%
   1983  1219     5157.7393  3857     4738.0000     5293.1450   912393   11.72%
   2152  1360        cutoff           4738.0000     5293.1450  1013166   11.72%
   2160  1364     5247.7322  3832     4738.0000     5293.1450  1016866   11.72%
   2176  1380     5224.4577  4014     4738.0000     5293.1450  1028690   11.72%
   2208  1406     5041.7181  3321     4738.0000     5293.1450  1052801   11.72%
Elapsed time = 233.10 sec. (98906.67 ticks, tree = 8.00 MB, solutions = 6)
   2247  1435     5066.0463  3669     4738.0000     5293.1450  1085734   11.72%
   2263  1447     5058.9865  3112     4738.0000     5293.1450  1097540   11.72%
   2472  1570     5210.5353  3700     4738.0000     5293.1450  1210749   11.72%
   2491  1585     5002.3582  2136     4738.0000     5293.1450  1220448   11.72%
   2511  1603     5114.2871  3757     4738.0000     5293.1450  1237210   11.72%
   2527  1619     5054.9865  3112     4738.0000     5293.1450  1247411   11.72%
   2551  1637     5026.6014  3266     4738.0000     5293.1450  1261501   11.72%
   2567  1649     5052.3348  3108     4738.0000     5293.1450  1272068   11.72%
   2591  1669     5109.7226  3741     4738.0000     5293.1450  1284843   11.72%
   2607  1682     5124.2075  3764     4738.0000     5293.1450  1298793   11.72%
Elapsed time = 274.53 sec. (114601.91 ticks, tree = 8.65 MB, solutions = 6)
   2894  1883     5061.4999  3337     4738.0000     5293.1450  1432104   11.72%
   2926  1903     5070.1842  3454     4738.0000     5293.1450  1449346   11.72%
   2942  1917     5074.0939  3328     4738.0000     5293.1450  1459385   11.72%
   2958  1931     5073.0939  3328     4738.0000     5293.1450  1474260   11.72%
   2990  1955     5177.4748  3585     4738.0000     5293.1450  1487393   11.72%
   3014  1969     5058.7508  3574     4738.0000     5293.1450  1508518   11.72%
   3030  1979     5121.2618  3568     4738.0000     5293.1450  1524840   11.72%
   3417  2141     5026.5605  3120     4738.0000     5293.1450  1672539   11.72%
   3433  2151     5079.3151  3719     4738.0000     5293.1450  1682364   11.72%
   3457  2165     5066.7748  3346     4738.0000     5293.1450  1691003   11.72%
Elapsed time = 338.51 sec. (133385.79 ticks, tree = 10.69 MB, solutions = 6)
   3473  2173     5065.7748  3347     4738.0000     5293.1450  1703948   11.72%
   3489  2183     5048.2413  3365     4738.0000     5293.1450  1711987   11.72%
   3505  2193     5022.2437  3108     4738.0000     5293.1450  1720288   11.72%
   3521  2199     5051.1397  3508     4738.0000     5293.1450  1734040   11.72%
   3537  2205     5052.8717  3303     4738.0000     5293.1450  1746624   11.72%
   4162  2476     5204.0744  3600     4738.0000     5293.1450  1947212   11.72%
   4178  2482        cutoff           4738.0000     5293.1450  1954097   11.72%
   4218  2510     5035.6671  3361     4738.0000     5293.1450  1963199   11.72%
   4234  2518     5059.3849  3396     4738.0000     5293.1450  1971119   11.72%
   4250  2528     5093.7721  3439     4738.0000     5293.1450  1978701   11.72%
Elapsed time = 397.94 sec. (151346.18 ticks, tree = 11.48 MB, solutions = 6)
   4266  2538     5053.8394  3429     4738.0000     5293.1450  1986035   11.72%
   4282  2548     5056.8234  3338     4738.0000     5293.1450  1992335   11.72%
   4314  2568     5056.0988  3388     4738.0000     5293.1450  2004377   11.72%
   4330  2576     5059.4728  3838     4738.0000     5293.1450  2012764   11.72%
   5298  3014     5217.6642  4187     4738.0000     5290.3747  2230965   11.66%
   5353  3061     5053.4077  3390     4738.0000     5290.3747  2247016   11.66%
   5369  3073     5057.9165  3543     4738.0000     5290.3747  2253530   11.66%
   5393  3085     5051.2894  3382     4738.0000     5290.3747  2261994   11.66%
   5409  3093     5050.2894  3383     4738.0000     5290.3747  2269004   11.66%
   5425  3103     5049.2894  3380     4738.0000     5290.3747  2275388   11.66%
Elapsed time = 472.60 sec. (175785.83 ticks, tree = 13.44 MB, solutions = 6)
   5441  3111     5049.3192  3697     4738.0000     5290.3747  2284047   11.66%
   5473  3123     5047.6456  3379     4738.0000     5290.3747  2299929   11.66%
   7098  3686     5188.8534  3635     4738.0000     5290.3747  2549958   11.66%
   7101  3689     5183.1310  3659     4738.0000     5290.3747  2551696   11.66%
   7109  3697     5180.1728  3449     4738.0000     5290.3747  2559966   11.66%
   7141  3727     5143.9170  3108     4738.0000     5290.3747  2568831   11.66%
   7163  3749     5048.3981  3810     4738.0000     5290.3747  2578531   11.66%
   7187  3769     5159.8143  3824     4738.0000     5290.3747  2589135   11.66%
   7203  3785     5094.5627  3975     4738.0000     5290.3747  2595125   11.66%
   7275  3849     5185.0394  3636     4738.0000     5290.3747  2621202   11.66%
Elapsed time = 553.93 sec. (200668.62 ticks, tree = 15.51 MB, solutions = 6)
   7404  3932     5013.1507  4083     4738.0000     5290.3747  2669246   11.66%
   8442  4566     5142.2749  3947     4738.0000     5290.3747  2830505   11.66%
   8458  4582     5276.7103  4481     4738.0000     5290.3747  2848077   11.66%
   8506  4630     5216.4902  3907     4738.0000     5290.3747  2864618   11.66%
   8595  4713     5150.5933  2830     4738.0000     5290.3747  2917625   11.66%
   8675  4791     5099.8907  2697     4738.0000     5290.3747  2971265   11.66%
   8723  4837     5146.1270  3063     4738.0000     5290.3747  3006553   11.66%
   9287  5349     5111.2764  4610     4738.0000     5290.3747  3150485   11.66%
   9394  5440     5136.5953  3128     4738.0000     5290.3747  3208263   11.66%
   9456  5492     5004.9201  2706     4738.0000     5290.3747  3251542   11.66%
Elapsed time = 691.46 sec. (243232.04 ticks, tree = 22.97 MB, solutions = 6)
   9527  5549     5079.2763  3535     4738.0000     5290.3747  3292677   11.66%
   9575  5587     5016.7374  3722     4738.0000     5290.3747  3332144   11.66%
   9634  5631     5117.8888  2896     4738.0000     5290.3747  3367216   11.66%
   9695  5668     5076.8712  3794     4738.0000     5290.3747  3404125   11.66%
  10750  6553     5152.9879  3364     4738.0000     5290.3747  3553167   11.66%
  10851  6649     5218.4020  3867     4738.0000     5290.3747  3586982   11.66%
  10956  6746     4775.3663  2044     4738.0000     5290.3747  3630361   11.66%
  11002  6792     5204.5377  3560     4738.0000     5290.3747  3653016   11.66%
  11063  6851     4794.6886  3593     4738.0000     5290.3747  3675088   11.66%
  11103  6891     4874.9993  3751     4738.0000     5290.3747  3698496   11.66%
Elapsed time = 837.04 sec. (285390.80 ticks, tree = 30.33 MB, solutions = 6)
  11135  6923     4873.2269  3750     4738.0000     5290.3747  3715232   11.66%
  12788  8396     5126.2819  3128     4738.0000     5290.3747  3949617   11.66%
  12852  8456     4948.4278  2495     4738.0000     5290.3747  3977394   11.66%
  12940  8526        cutoff           4738.0000     5290.3747  4011334   11.66%
  13060  8608        cutoff           4738.0000     5290.3747  4046051   11.66%
  13180  8670        cutoff           4738.0000     5290.3747  4086128   11.66%
  13276  8739        cutoff           4738.0000     5290.3747  4109819   11.66%
  14979 10069     5117.2406  3072     4738.0000     5290.3747  4303416   11.66%
  15058 10126     5039.6603  3240     4738.0000     5290.3747  4333864   11.66%
  15200 10198     5037.7030  2262     4738.0000     5290.3747  4375806   11.66%
Elapsed time = 980.00 sec. (328950.49 ticks, tree = 320.98 MB, solutions = 6)
Nodefile size = 181.89 MB (151.22 MB after compression)
  15328 10264        cutoff           4738.0000     5290.3747  4403015   11.66%
  15512 10340        cutoff           4738.0000     5290.3747  4442951   11.66%
  15664 10422    infeasible           4738.0000     5290.3747  4469416   11.66%
  15824 10530     5109.9478  2386     4738.0000     5290.3747  4494349   11.66%
  17649 12184     5179.0326  4110     4738.0000     5290.3747  4660391   11.66%
  17689 12214     5100.7090  2592     4738.0000     5290.3747  4680909   11.66%
  17769 12260     5108.9235  3628     4738.0000     5290.3747  4724949   11.66%
  17817 12296    infeasible           4738.0000     5290.3747  4755938   11.66%
  17889 12340     4977.8856  2816     4738.0000     5290.3747  4780768   11.66%
  18009 12413    infeasible           4738.0000     5290.3747  4819249   11.66%
Elapsed time = 1132.11 sec. (371011.03 ticks, tree = 712.89 MB, solutions = 6)
Nodefile size = 572.60 MB (482.31 MB after compression)
  19644 13748     5154.2776  3901     4738.0000     5277.6824  4965875   11.39%
  19804 13886        cutoff           4738.0000     5277.6824  4994901   11.39%
  19948 14002        cutoff           4738.0000     5277.6824  5019410   11.39%
  20044 14070        cutoff           4738.0000     5277.6824  5046754   11.39%
  20140 14144        cutoff           4738.0000     5277.6824  5068660   11.39%
  20251 14231     4979.6429  2462     4738.0000     5277.6824  5094146   11.39%
  23281 16935        cutoff           4738.0000     5275.0361  5262836   11.33%
  23374 16998     5153.5062  3550     4738.0000     5275.0361  5302345   11.33%
  23454 17048    infeasible           4738.0000     5275.0361  5333244   11.33%
  23576 17128     4985.2083  2834     4738.0000     5275.0361  5362092   11.33%
Elapsed time = 1293.07 sec. (413854.87 ticks, tree = 1438.06 MB, solutions = 6)
Nodefile size = 1294.21 MB (1101.65 MB after compression)
  23640 17172        cutoff           4738.0000     5275.0361  5378578   11.33%
  24959 18225     5011.3549  2398     4738.0000     5274.5041  5545375   11.32%
  25070 18292     5126.6391  4060     4738.0000     5274.5041  5576439   11.32%
  25199 18370     4830.9173  2933     4738.0000     5274.5041  5609810   11.32%
  25357 18473     5064.5149  2685     4738.0000     5274.5041  5642405   11.32%
  25445 18539     5069.8410  3111     4738.0000     5274.5041  5659510   11.32%
  25557 18621     4910.0781  2278     4738.0000     5274.5041  5678821   11.32%
  28275 21261     4976.9274  2662     4738.0000     5271.6233  5838535   11.26%
  28411 21365        cutoff           4738.0000     5271.6233  5867930   11.26%
  28515 21439        cutoff           4738.0000     5271.6233  5893268   11.26%
Elapsed time = 1429.07 sec. (455549.66 ticks, tree = 2346.42 MB, solutions = 6)
Nodefile size = 2196.33 MB (1882.31 MB after compression)
  28619 21507        cutoff           4738.0000     5271.6233  5919562   11.26%
  28683 21547     4775.7924  2861     4738.0000     5271.6233  5939274   11.26%
  30487 23173        cutoff           4738.0000     5271.0323  6076502   11.25%
  30599 23231        cutoff           4738.0000     5271.0323  6116702   11.25%
  30727 23309     4943.6041  2662     4738.0000     5271.0323  6153885   11.25%
  30808 23358     5091.2967  2965     4738.0000     5271.0323  6185401   11.25%
  30886 23404        cutoff           4738.0000     5271.0323  6208066   11.25%
  31976 24341     4927.6062  2629     4738.0000     5271.0323  6331979   11.25%
  32073 24399     5101.5646  2646     4738.0000     5271.0323  6364687   11.25%
  32169 24457     5095.5468  2641     4738.0000     5271.0323  6393418   11.25%
Elapsed time = 1575.47 sec. (497038.95 ticks, tree = 3005.56 MB, solutions = 6)
Nodefile size = 2847.80 MB (2445.33 MB after compression)
  32233 24500     5073.7498  2271     4738.0000     5271.0323  6411715   11.25%
  32345 24579     5061.3555  2570     4738.0000     5271.0323  6442347   11.25%
  34578 26628     4895.6443  2594     4738.0000     5271.0323  6581390   11.25%
  34690 26717     4763.4798  2125     4738.0000     5271.0323  6610942   11.25%
  34794 26788        cutoff           4738.0000     5271.0323  6636235   11.25%
  34882 26848     4754.6699  2115     4738.0000     5271.0323  6657024   11.25%
  35034 26946        cutoff           4738.0000     5271.0323  6683904   11.25%
  36734 28494     5137.6058  2585     4738.0000     5271.0323  6807648   11.25%
  36795 28539     5092.1969  4050     4738.0000     5271.0323  6822046   11.25%
  36907 28615     4977.6422  3549     4738.0000     5271.0323  6845857   11.25%
Elapsed time = 1711.06 sec. (538973.62 ticks, tree = 3922.24 MB, solutions = 6)
Nodefile size = 3758.85 MB (3235.36 MB after compression)
  36954 28652     5228.8306  4064     4738.0000     5271.0323  6861950   11.25%
  37082 28750     5121.7652  3152     4738.0000     5271.0323  6891253   11.25%
  38735 30360     4958.0934  2773     4738.0000     5266.3160  6984073   11.15%
  38798 30413        cutoff           4738.0000     5266.3160  6997014   11.15%
  38942 30516        cutoff           4738.0000     5266.3160  7025381   11.15%
  39105 30639        cutoff           4738.0000     5266.3160  7051358   11.15%
  40072 31528     4942.2286  2807     4738.0000     5266.3160  7149710   11.15%
  40554 31976     4912.9318  2953     4738.0000     5264.5683  7198859   11.11%
  40602 32012     4980.3959  2689     4738.0000     5264.5683  7223092   11.11%
  40666 32064     4935.9677  2802     4738.0000     5264.5683  7246468   11.11%
Elapsed time = 1858.26 sec. (582744.96 ticks, tree = 4433.45 MB, solutions = 6)
Nodefile size = 4273.19 MB (3678.63 MB after compression)
  40722 32106     4906.4742  2948     4738.0000     5264.5683  7272141   11.11%
  42686 33961     4868.1115  2886     4738.0000     5262.9071  7421985   11.08%
  42726 33991     4985.8885  2377     4738.0000     5262.9071  7435891   11.08%
  42875 34080     4987.1838  2883     4738.0000     5262.9071  7476305   11.08%
  42947 34114        cutoff           4738.0000     5262.9071  7497728   11.08%
  44635 35580     5132.8715  3355     4738.0000     5261.1929  7632682   11.04%
  44695 35618        cutoff           4738.0000     5261.1929  7653342   11.04%
  44751 35648     5133.3784  3421     4738.0000     5261.1929  7669076   11.04%
  44815 35688     5016.3704  2907     4738.0000     5261.1929  7685986   11.04%
  44871 35720        cutoff           4738.0000     5261.1929  7706230   11.04%
Elapsed time = 2019.20 sec. (626764.89 ticks, tree = 5267.34 MB, solutions = 6)
Nodefile size = 5108.47 MB (4401.69 MB after compression)
  47094 37661     4986.8215  3366     4738.0000     5259.0847  7859642   11.00%
  47174 37729     5010.0239  2898     4738.0000     5259.0847  7880439   11.00%
  47246 37785        cutoff           4738.0000     5259.0847  7891650   11.00%
  47334 37861        cutoff           4738.0000     5259.0847  7905118   11.00%
  49314 39672     5087.0680  3746     4738.0000     5257.8183  8053033   10.97%
  49366 39700        cutoff           4738.0000     5257.8183  8091410   10.97%
  49430 39748        cutoff           4738.0000     5257.8183  8121678   10.97%
  49478 39774        cutoff           4738.0000     5257.8183  8142327   10.97%
  50304 40486     5037.4196  3074     4738.0000     5257.8183  8264505   10.97%
  50396 40556     4989.3067  2698     4738.0000     5257.8183  8294864   10.97%
Elapsed time = 2196.34 sec. (671715.66 ticks, tree = 6373.99 MB, solutions = 6)
Nodefile size = 6215.63 MB (5362.08 MB after compression)
  50500 40624        cutoff           4738.0000     5257.8183  8320463   10.97%
  50596 40696        cutoff           4738.0000     5257.8183  8334969   10.97%
  51188 41158     5175.8389  3702     4738.0000     5257.8183  8403408   10.97%
  53009 42844        cutoff           4738.0000     5257.2332  8502730   10.96%
  53097 42922     4899.6880  1646     4738.0000     5257.2332  8520429   10.96%
  53177 42985        cutoff           4738.0000     5257.2332  8533628   10.96%
  53265 43052        cutoff           4738.0000     5257.2332  8545276   10.96%
  55404 45129     5041.0399  2712     4738.0000     5255.5857  8681836   10.92%
  55448 45173     5066.0242  2474     4738.0000     5255.5857  8707343   10.92%
  55512 45233     5000.2226  2676     4738.0000     5255.5857  8733513   10.92%
Elapsed time = 2355.00 sec. (715600.16 ticks, tree = 7501.48 MB, solutions = 6)
Nodefile size = 7342.89 MB (6338.50 MB after compression)
  55588 45299    infeasible           4738.0000     5255.5857  8760162   10.92%
  56704 46356     5041.8192  2902     4738.0000     5254.5534  8872981   10.90%
  56800 46434     5033.2181  2909     4738.0000     5254.5534  8914669   10.90%
  56872 46495     5028.4342  2831     4738.0000     5254.5534  8951389   10.90%
  56944 46549     5054.7513  3140     4738.0000     5254.5534  8987237   10.90%
  57336 46909     5114.7506  3314     4738.0000     5254.5534  9077727   10.90%
  57398 46951     4954.3328  4149     4738.0000     5254.5534  9109240   10.90%
  57470 47007     4945.1804  3864     4738.0000     5254.5534  9150531   10.90%
  57542 47069     5053.2259  3642     4738.0000     5254.5534  9183262   10.90%
  57622 47133     4946.4881  3860     4738.0000     5254.5534  9222700   10.90%
Elapsed time = 2524.57 sec. (758718.80 ticks, tree = 7695.81 MB, solutions = 6)
Nodefile size = 7526.47 MB (6490.56 MB after compression)
  58476 47957     4874.8060  3117     4738.0000     5254.5534  9300312   10.90%
  58567 48024     5094.0309  3349     4738.0000     5254.5534  9338593   10.90%
  58626 48061     5042.2277  2525     4738.0000     5254.5534  9365724   10.90%
  58690 48104     4897.9139  2826     4738.0000     5254.5534  9388536   10.90%
  58790 48185     5125.2813  3640     4738.0000     5254.5534  9416337   10.90%
  60035 49368        cutoff           4738.0000     5254.5106  9500752   10.90%
  60067 49390     5077.7462  3346     4738.0000     5254.5106  9512640   10.90%
  60335 49580        cutoff           4738.0000     5254.5106  9556981   10.90%
  60447 49666        cutoff           4738.0000     5254.5106  9568285   10.90%
  63039 51937     5010.1213  3125     4738.0000     5252.8135  9682981   10.87%
Elapsed time = 2666.85 sec. (800495.40 ticks, tree = 8946.23 MB, solutions = 6)
Nodefile size = 8787.62 MB (7591.96 MB after compression)
  63173 52058     4934.2074  2228     4738.0000     5252.8135  9709682   10.87%
  63277 52147        cutoff           4738.0000     5252.8135  9729440   10.87%
  63333 52193     5131.7712  4095     4738.0000     5252.8135  9744452   10.87%
  63727 52528    infeasible           4738.0000     5252.8135  9799431   10.87%
  64951 53696        cutoff           4738.0000     5250.2695  9889235   10.81%
  64983 53716        cutoff           4738.0000     5250.2695  9906975   10.81%
  65047 53764     5072.2566  3074     4738.0000     5250.2695  9936106   10.81%
  65103 53794        cutoff           4738.0000     5250.2695  9955533   10.81%
  66379 54884        cutoff           4738.0000     5249.8400 10088177   10.80%
  66459 54946     5062.9123  3073     4738.0000     5249.8400 10104339   10.80%
Elapsed time = 2827.40 sec. (842829.99 ticks, tree = 9461.76 MB, solutions = 6)
Nodefile size = 9301.35 MB (8038.43 MB after compression)
  66523 54992        cutoff           4738.0000     5249.8400 10123649   10.80%
  66603 55051     5048.5150  3054     4738.0000     5249.8400 10144673   10.80%
  67758 56100        cutoff           4738.0000     5249.8132 10279562   10.80%
  67806 56122        cutoff           4738.0000     5249.8132 10301337   10.80%
  67854 56147        cutoff           4738.0000     5249.8132 10317964   10.80%
  67910 56175    infeasible           4738.0000     5249.8132 10337665   10.80%
  68921 57006     5142.7734  4018     4738.0000     5249.8132 10445548   10.80%
  69672 57753     5122.7814  4447     4738.0000     5248.0974 10482700   10.77%
  69744 57801        cutoff           4738.0000     5248.0974 10508930   10.77%
  69900 57909        cutoff           4738.0000     5248.0974 10554195   10.77%
Elapsed time = 2981.17 sec. (885158.09 ticks, tree = 10209.66 MB, solutions = 6)
Nodefile size = 10045.83 MB (8680.93 MB after compression)
  70005 57972        cutoff           4738.0000     5248.0974 10588465   10.77%
  70925 58798        cutoff           4738.0000     5247.8753 10675957   10.76%
  71005 58846     4882.7195  2583     4738.0000     5247.8753 10710859   10.76%
  71069 58874        cutoff           4738.0000     5247.8753 10736073   10.76%
  71141 58918     5033.4202  2908     4738.0000     5247.8753 10757919   10.76%
  71847 59495     5167.6062  3728     4738.0000     5247.8753 10867223   10.76%
  71997 59598     5003.8665  2917     4738.0000     5247.8753 10904792   10.76%
  72069 59643     4994.3899  2563     4738.0000     5247.8753 10921211   10.76%
  72149 59704     4956.7768  1906     4738.0000     5247.8753 10949538   10.76%
  73713 61228     4988.9991  2569     4738.0000     5247.8753 11037738   10.76%
Elapsed time = 3140.75 sec. (929459.16 ticks, tree = 11005.89 MB, solutions = 6)
Nodefile size = 10848.18 MB (9382.22 MB after compression)
  73785 61288     4952.6927  1899     4738.0000     5247.8753 11058339   10.76%
  73849 61334     4998.1313  3089     4738.0000     5247.8753 11076378   10.76%
  73929 61402     4847.0386  3141     4738.0000     5247.8753 11095349   10.76%
  75476 62873     5099.4103  3411     4738.0000     5247.8753 11215451   10.76%
  75542 62923        cutoff           4738.0000     5247.8753 11233502   10.76%
  75614 62967        cutoff           4738.0000     5247.8753 11245610   10.76%
  75686 63011     4780.2657  1770     4738.0000     5247.8753 11270953   10.76%
  75742 63043     4895.8012  2104     4738.0000     5247.8753 11299857   10.76%
  76727 63883     5007.6385  3111     4738.0000     5247.8753 11407115   10.76%
  76826 63948     4960.9349  3169     4738.0000     5247.8753 11441380   10.76%
Elapsed time = 3291.29 sec. (971859.21 ticks, tree = 11469.61 MB, solutions = 6)
Nodefile size = 11306.90 MB (9782.78 MB after compression)
  76901 63999        cutoff           4738.0000     5247.8753 11468107   10.76%
  76924 64010     5176.8155  3946     4738.0000     5247.8753 11480186   10.76%
  77899 64882     4851.1618  3113     4738.0000     5247.8753 11580795   10.76%
  78014 64975        cutoff           4738.0000     5247.8753 11606509   10.76%
  78086 65026     4977.4575  2599     4738.0000     5247.8753 11625955   10.76%
  78158 65074        cutoff           4738.0000     5247.8753 11643944   10.76%
  79497 66346     4900.5720  2965     4738.0000     5245.4621 11742404   10.71%
  79528 66373     5008.9827  2458     4738.0000     5245.4621 11755028   10.71%
  79682 66497     4833.2452  2023     4738.0000     5245.4621 11784722   10.71%
  79805 66596     4935.7734  2668     4738.0000     5245.4621 11803645   10.71%
Elapsed time = 3452.64 sec. (1015887.38 ticks, tree = 12136.51 MB, solutions = 6)
Nodefile size = 11970.06 MB (10366.62 MB after compression)
  81611 68327     5214.5195  4088     4738.0000     5245.4621 11894884   10.71%
  81729 68439     4849.6925  2234     4738.0000     5244.7422 11909930   10.70%
  81788 68485     4931.4880  2668     4738.0000     5244.7422 11935246   10.70%
  81836 68519        cutoff           4738.0000     5244.7422 11953623   10.70%
  81892 68561     4924.4472  2701     4738.0000     5244.7422 11966107   10.70%
  82965 69580     4907.5198  2593     4738.0000     5243.9203 12077971   10.68%
  83028 69632     4972.4187  2455     4738.0000     5243.9203 12100526   10.68%
  83120 69704        cutoff           4738.0000     5243.9203 12137471   10.68%
  84328 70879     4793.6972  2245     4738.0000     5243.9203 12197126   10.68%

Clique cuts applied:  1289
Cover cuts applied:  4446
Implied bound cuts applied:  9270
Zero-half cuts applied:  157
Gomory fractional cuts applied:  31

Root node processing (before b&c):
  Real time             =   20.80 sec. (27173.40 ticks)
Parallel b&c, 8 threads:
  Real time             = 3581.80 sec. (1030095.46 ticks)
  Sync time (average)   =    0.03 sec.
  Wait time (average)   =    0.00 sec.
                          ------------
Total (root+branch&cut) = 3602.60 sec. (1057268.85 ticks)

 ===================================================== 
 Model has 8016 rows and 8062 columns
 Objective   :          4738.0000
 UB          :          6512.2363
 LP gap      :            37.4469 (%)
 Status      :           Feasible
 GAP         :            10.6779 (%)
 Time        :           27459.60
 Iterations  :           12204228
 # B&B nodes :              84353
 # nodes left:              70903

 Solution includes 14 access points 
 ===================================================== 
solution:	4 6 7 13 14 17 18 19 21 29 40 42 43 44 
 ===================================================== 
coverage:	4738

 ===================================================== 
