Found incumbent of value 0.000000 after 0.00 sec. (1.16 ticks)
Probing time = 0.01 sec. (7.77 ticks)
Clique table members: 2473.
MIP emphasis: balance optimality and feasibility.
MIP search method: dynamic search.
Parallel mode: deterministic, using up to 8 threads.
Root relaxation solution time = 0.15 sec. (215.29 ticks)

        Nodes                                         Cuts/
   Node  Left     Objective  IInf  Best Integer    Best Bound    ItCnt     Gap

*     0+    0                            0.0000    13578.0000      855     --- 
*     0+    0                        10806.0000    13578.0000      855   25.65%
      0     0    13064.0694   818    10806.0000    13064.0694      855   20.90%
*     0+    0                        11463.0000    13064.0694      855   13.97%
*     0+    0                        12099.0000    13064.0694     2516    7.98%
      0     0    12897.5192  1185    12099.0000    Cuts: 3134     2516    6.60%
      0     0    12817.5374  1153    12099.0000    Cuts: 3275     3814    5.94%
*     0+    0                        12282.0000    12817.5374     3814    4.36%
      0     0    12751.2100  1280    12282.0000    Cuts: 1839     5284    3.82%
*     0+    0                        12478.0000    12751.2100     5284    2.19%
      0     0    12727.0549  1866    12478.0000    Cuts: 1463     6213    2.00%
      0     0    12711.8106  1932    12478.0000    Cuts: 1305     6840    1.87%
      0     0    12705.2111  1935    12478.0000     Cuts: 824     7109    1.82%
      0     0    12700.3820  1849    12478.0000     Cuts: 612     7316    1.78%
      0     0    12697.4193  1832    12478.0000     Cuts: 522     7489    1.76%
      0     0    12694.0486  1813    12478.0000     Cuts: 544     7663    1.73%
      0     0    12691.5416  1804    12478.0000     Cuts: 520     7787    1.71%
      0     0    12688.7298  1803    12478.0000     Cuts: 537     7978    1.69%
      0     0    12685.4651  1815    12478.0000     Cuts: 532     8137    1.66%
      0     0    12683.0267  1848    12478.0000     Cuts: 241     8279    1.64%
      0     0    12681.8484  1843    12478.0000     Cuts: 279     8374    1.63%
      0     0    12680.2815  1840    12478.0000     Cuts: 229     8461    1.62%
      0     2    12680.2815  1834    12478.0000    12680.2815     8461    1.62%
Elapsed time = 9.52 sec. (10624.35 ticks, tree = 0.01 MB, solutions = 6)
      1     3    12679.7719  1823    12478.0000    12680.2815     8504    1.62%
      2     4    12670.7248  1873    12478.0000    12680.2815     8916    1.62%
      3     5    12670.1607  1878    12478.0000    12679.7564     8939    1.62%
      5     7    12669.7248  1872    12478.0000    12679.7564     9265    1.62%
      6     8    12678.7499  1819    12478.0000    12679.7564     9298    1.62%
      7     9    12669.0897  1866    12478.0000    12679.7564     9363    1.62%
      8    10    12640.3965  1432    12478.0000    12679.7564    10140    1.62%
      9    11    12669.0155  1873    12478.0000    12678.7202    10232    1.61%
     13    15    12624.5318  1372    12478.0000    12678.7202    11265    1.61%
     14    16    12613.9543  1736    12478.0000    12678.7202    12165    1.61%
Elapsed time = 21.77 sec. (22384.42 ticks, tree = 0.01 MB, solutions = 6)
     17    19    12668.2817  1873    12478.0000    12678.6202    12256    1.61%
     25    27    12615.2963  1768    12478.0000    12678.1185    16571    1.60%
     33    35    12667.6704  1872    12478.0000    12678.0044    19265    1.60%
     42    44    12611.3675  1734    12478.0000    12677.5611    25443    1.60%
     54    56    12667.0743  1869    12478.0000    12677.5611    27897    1.60%
     89    91    12666.4871  1868    12478.0000    12677.5611    37507    1.60%
    138   140    12610.0986  1767    12478.0000    12677.5611    52875    1.60%
    158   160    12504.4201  1834    12478.0000    12677.5611    58791    1.60%
    232   234    12604.7662  1733    12478.0000    12677.5611    71678    1.60%
    351   348    12603.7662  1732    12478.0000    12677.5611    94010    1.60%
Elapsed time = 71.52 sec. (38755.44 ticks, tree = 9.11 MB, solutions = 6)
    383   380    12601.7662  1734    12478.0000    12677.5611   103610    1.60%
    481   476    12596.7758  1694    12478.0000    12677.5611   127242    1.60%
    543   538    12570.0598  1668    12478.0000    12677.5611   136272    1.60%
    635   630    12608.7908  1548    12478.0000    12677.5611   150324    1.60%
    743   730    12627.3934  1152    12478.0000    12677.5611   169187    1.60%
    860   794    12585.5315  1504    12478.0000    12677.5611   184078    1.60%
    908   833    12600.1492  1186    12478.0000    12677.5611   197926    1.60%
    961   881    12620.8709  1413    12478.0000    12677.5611   208025    1.60%
   1149  1000    12623.2755  1648    12478.0000    12677.5611   236492    1.60%
   1202  1049    12529.2775  1937    12478.0000    12677.5611   244174    1.60%
Elapsed time = 105.23 sec. (50588.43 ticks, tree = 35.21 MB, solutions = 6)
   1218  1063    12528.2775  1938    12478.0000    12677.5611   246783    1.60%
   1490  1263    12556.0109  1806    12478.0000    12677.5523   280805    1.60%
   1530  1299    12545.8548  1799    12478.0000    12677.5523   290603    1.60%
   1623  1384        cutoff          12478.0000    12677.5523   315561    1.60%
   1778  1517    12621.0889  1605    12478.0000    12677.5523   336780    1.60%
   1816  1553    12559.6151  1033    12478.0000    12677.5523   340889    1.60%
   1954  1680    12584.8416  1294    12478.0000    12677.5523   362683    1.60%
   2336  1992    12538.3877   887    12478.0000    12677.5523   386113    1.60%
   2417  2063    12522.8863  1380    12478.0000    12677.5523   393289    1.60%
   2481  2119    12518.8863  1381    12478.0000    12677.5523   401666    1.60%
Elapsed time = 136.70 sec. (61621.36 ticks, tree = 42.95 MB, solutions = 6)
   2569  2193    12511.1069  1379    12478.0000    12677.5523   411564    1.60%
   3000  2604    12629.6073  1634    12478.0000    12677.5523   447072    1.60%
   3084  2679    12506.9740  1664    12478.0000    12677.5523   455950    1.60%
   3156  2739    12558.9733  1678    12478.0000    12677.5523   462736    1.60%
   3276  2839    12540.2107  1030    12478.0000    12677.5523   472860    1.60%
   3988  3519    12633.9875  1621    12478.0000    12677.5523   507507    1.60%
   4068  3597    12598.4818  1727    12478.0000    12677.5523   514993    1.60%
   4108  3635    12595.4818  1728    12478.0000    12677.5523   519505    1.60%
   4196  3719    12610.2202  1507    12478.0000    12677.5523   527898    1.60%
   4905  4401    12620.6985  1762    12478.0000    12676.0899   577410    1.59%
Elapsed time = 172.04 sec. (72749.51 ticks, tree = 54.73 MB, solutions = 6)
   4977  4473    12593.0999  1076    12478.0000    12676.0899   590630    1.59%
   5024  4516    12545.6922  1589    12478.0000    12676.0899   598572    1.59%
   5056  4548    12537.4730  1550    12478.0000    12676.0899   604746    1.59%
   5192  4670    12529.5930   842    12478.0000    12676.0899   621364    1.59%
   5728  5166    12535.7624  1023    12478.0000    12666.9879   671701    1.51%
   5753  5179        cutoff          12478.0000    12666.9879   681146    1.51%
   5785  5209    12556.3506  1431    12478.0000    12666.9879   685748    1.51%
   6110  5507    12596.1997  1348    12478.0000    12666.9879   709855    1.51%
   6224  5610    12540.4129  1237    12478.0000    12666.9879   717123    1.51%
   6473  5836    12598.8262  1582    12478.0000    12666.9879   734833    1.51%
Elapsed time = 208.23 sec. (83546.31 ticks, tree = 58.87 MB, solutions = 6)
   7053  6397    12542.8528  1493    12478.0000    12657.6417   768399    1.44%
   7075  6415    12594.4264  1586    12478.0000    12657.6417   780881    1.44%
*  7176+ 6514                        12481.0000    12657.6417   788499    1.42%
*  7176+ 6514                        12491.0000    12657.6417   788499    1.33%
   7208  6546    12560.4479  1517    12491.0000    12657.6417   790077    1.33%
   7620  6937    12592.4015  1659    12491.0000    12657.6417   805956    1.33%
   7711  7010    12604.0035  1150    12491.0000    12657.6417   817226    1.33%
   7936  7231    12563.3158  1800    12491.0000    12657.6417   832948    1.33%
   8056  7351    12532.4170  1606    12491.0000    12657.6417   838100    1.33%
   8716  7285    12635.1233  1615    12491.0000    12655.2255   877285    1.31%
   8740  7308    12587.1236  1709    12491.0000    12655.2255   889706    1.31%
   8916  7474    12554.5396  1359    12491.0000    12655.2255   906671    1.31%
Elapsed time = 247.06 sec. (94218.32 ticks, tree = 65.53 MB, solutions = 6)
   9159  7689    12520.4962  1292    12491.0000    12655.2255   929105    1.31%
   9206  7733    12510.6139  1262    12491.0000    12655.2255   934792    1.31%
   9262  7783    12529.3901   405    12491.0000    12655.2255   939177    1.31%
   9374  7876    12526.0700   298    12491.0000    12655.2255   947494    1.31%
  10046  8460    12534.8565  1456    12491.0000    12652.8028  1003494    1.30%
  10093  8503    12533.9923  1453    12491.0000    12652.8028  1014202    1.30%
  10191  8591    12531.4817   781    12491.0000    12652.8028  1022481    1.30%
  10247  8644    12512.5654  1486    12491.0000    12652.8028  1028978    1.30%
  10303  8696    12508.5654  1486    12491.0000    12652.8028  1033654    1.30%
  10431  8820    12520.7811   761    12491.0000    12652.8028  1043241    1.30%
Elapsed time = 278.16 sec. (104991.61 ticks, tree = 73.26 MB, solutions = 8)
  10495  8874    12517.6939   770    12491.0000    12652.8028  1056660    1.30%
  11140  9468    12591.2624  1898    12491.0000    12652.8028  1119951    1.30%
  11362  9668    12541.3360  1727    12491.0000    12652.8028  1151229    1.30%
  11382  9684    12545.9215  1860    12491.0000    12652.8028  1161611    1.30%
  11406  9708    12503.8541  1605    12491.0000    12652.8028  1166674    1.30%
  11462  9752        cutoff          12491.0000    12652.8028  1172492    1.30%
  11470  9758    12511.7373  1892    12491.0000    12652.8028  1176655    1.30%
  11518  9794    12617.0046  1481    12491.0000    12652.8028  1186793    1.30%
  12304 10471    12575.0937  1980    12491.0000    12652.8028  1275233    1.30%
  12393 10554    12560.7562  1753    12491.0000    12648.4933  1292544    1.26%
Elapsed time = 323.27 sec. (118285.44 ticks, tree = 83.75 MB, solutions = 8)
  12423 10584    12493.3643  1773    12491.0000    12648.4933  1300934    1.26%
  12447 10600    12587.6608  1262    12491.0000    12648.4933  1304802    1.26%
  12479 10624    12536.6912   703    12491.0000    12648.4933  1312643    1.26%
  12583 10713    12497.8151   410    12491.0000    12648.4933  1333863    1.26%
  12679 10795    12596.1739  1764    12491.0000    12648.4933  1342107    1.26%
  12830 10927    12509.0811  1727    12491.0000    12648.4933  1353386    1.26%
  12942 11015        cutoff          12491.0000    12648.4933  1364887    1.26%
  13317 11296    12518.4925  2037    12491.0000    12647.3285  1431658    1.25%
  13330 11305    12606.3400  1885    12491.0000    12647.3285  1441962    1.25%
  13589 11515    12541.0178  1854    12491.0000    12647.3285  1485941    1.25%
Elapsed time = 373.17 sec. (131946.47 ticks, tree = 89.41 MB, solutions = 8)
  13803 11692    12602.1463  1881    12491.0000    12647.3285  1525455    1.25%
  14235 12004    12574.1054  1938    12491.0000    12645.5613  1620327    1.24%
  14486 12209    12553.6756  1913    12491.0000    12645.5613  1658741    1.24%
  15041 12646    12507.4637  1687    12491.0000    12643.1945  1774642    1.22%
  15173 12751    12561.7652  1978    12491.0000    12643.1945  1809879    1.22%
  15678 13163    12541.3568  1979    12491.0000    12640.5875  1915119    1.20%
  15724 13171    12537.9988  1989    12491.0000    12640.5875  1965460    1.20%
  15800 13221    12502.2843  2137    12491.0000    12640.5875  2015295    1.20%
  16149 13473    12540.4246  1304    12491.0000    12638.6118  2101497    1.18%
  16203 13515    12535.7749  2000    12491.0000    12638.6118  2125709    1.18%
Elapsed time = 536.89 sec. (174611.72 ticks, tree = 100.42 MB, solutions = 8)
  16419 13689    12585.9881   735    12491.0000    12638.6118  2165815    1.18%
  16890 14050    12585.3782  2043    12491.0000    12636.5277  2290050    1.17%
  16952 14082    12574.4865  1917    12491.0000    12636.5277  2323919    1.17%
  17010 14114        cutoff          12491.0000    12636.5277  2351418    1.17%
  17686 14613    12554.2068  1851    12491.0000    12635.0938  2473717    1.15%
  17745 14644    12506.2295  2079    12491.0000    12635.0938  2511359    1.15%
  17854 14721    12515.1852  1792    12491.0000    12635.0938  2545522    1.15%
  18376 15113    12496.0909  2083    12491.0000    12632.6181  2691097    1.13%
  18448 15151    12574.2663  1810    12491.0000    12632.6181  2730886    1.13%
  18477 15172    12592.6824  1685    12491.0000    12632.6181  2749668    1.13%
Elapsed time = 704.25 sec. (217070.27 ticks, tree = 110.75 MB, solutions = 8)
  18739 15367        cutoff          12491.0000    12632.6181  2833636    1.13%
  18902 15470        cutoff          12491.0000    12630.8458  2909953    1.12%
  18958 15498    12573.1519  1311    12491.0000    12630.8458  2960628    1.12%
  19026 15531        cutoff          12491.0000    12630.8458  3007267    1.12%
  19245 15675    12556.8032  2172    12491.0000    12630.8458  3082305    1.12%
  19333 15706    12521.0384  1939    12491.0000    12629.1234  3159620    1.11%
  19374 15719    12519.8161  1953    12491.0000    12629.1234  3205641    1.11%
  19422 15734    12509.3547  2094    12491.0000    12629.1234  3254072    1.11%
  19472 15743        cutoff          12491.0000    12629.1234  3301782    1.11%
  19659 15855    12499.6908  1906    12491.0000    12627.5226  3384472    1.09%
Elapsed time = 858.32 sec. (256714.23 ticks, tree = 113.59 MB, solutions = 8)
  19711 15875    12525.9510  1942    12491.0000    12627.5226  3429299    1.09%
  19750 15896    12507.8104  2009    12491.0000    12627.5226  3460792    1.09%
  19798 15918        cutoff          12491.0000    12627.5226  3493043    1.09%
  20035 16016        cutoff          12491.0000    12624.7200  3618191    1.07%
  20079 16034    12558.9095  2105    12491.0000    12624.7200  3670112    1.07%
  20143 16068    12534.8217  2210    12491.0000    12624.7200  3703392    1.07%
  20215 16104    12523.3323  1978    12491.0000    12624.7200  3742245    1.07%
  20550 16294    12542.6293  1651    12491.0000    12622.6564  3894840    1.05%
  20592 16314    12524.9843  2266    12491.0000    12622.6564  3939019    1.05%
  20640 16323    12520.6831  1368    12491.0000    12622.6564  3979749    1.05%
Elapsed time = 1038.84 sec. (301822.76 ticks, tree = 127.47 MB, solutions = 8)
  20720 16352    12503.9618  1885    12491.0000    12622.6564  4063210    1.05%
  20978 16526        cutoff          12491.0000    12620.4326  4163597    1.04%
  21037 16549    12564.2152  1937    12491.0000    12620.4326  4214381    1.04%
  21118 16608    12509.5928  2091    12491.0000    12620.4326  4256861    1.04%
  21166 16635    12504.5915  2082    12491.0000    12620.4326  4278109    1.04%
  21495 16812    12494.5787  2099    12491.0000    12618.4561  4415973    1.02%
  21538 16824    12526.1480  2182    12491.0000    12618.4561  4469723    1.02%
  21579 16844    12530.6652  2123    12491.0000    12618.4561  4522571    1.02%
  21634 16849        cutoff          12491.0000    12618.4561  4577795    1.02%
  21665 16854    12509.3347  2142    12491.0000    12618.4561  4614102    1.02%
Elapsed time = 1219.77 sec. (345013.78 ticks, tree = 129.79 MB, solutions = 8)
  21871 16965    12519.9114  2196    12491.0000    12616.6793  4730552    1.01%
  21912 16976    12552.0661  2088    12491.0000    12616.6793  4771884    1.01%
  21968 16993    12522.9848  2210    12491.0000    12616.6793  4810680    1.01%
  22063 17045    12527.4035  2205    12491.0000    12616.6793  4868331    1.01%
  22119 17071    12525.6361  2168    12491.0000    12616.6793  4894242    1.01%
  22396 17216    12525.8430  2077    12491.0000    12614.5816  5046291    0.99%
  22469 17233    12504.5659  1280    12491.0000    12614.5816  5108724    0.99%
  22509 17247    12518.9859  1851    12491.0000    12614.5816  5145575    0.99%
  22565 17269        cutoff          12491.0000    12614.5816  5173498    0.99%
  22632 17296    12555.7759  1217    12491.0000    12614.5816  5215495    0.99%
Elapsed time = 1406.10 sec. (391737.09 ticks, tree = 130.89 MB, solutions = 8)
  23048 17479    12504.4407  2110    12491.0000    12612.0480  5382663    0.97%
  23096 17489        cutoff          12491.0000    12612.0480  5416810    0.97%
  23129 17498    12500.9540  1276    12491.0000    12612.0480  5453692    0.97%
  23173 17514    12515.4025  1864    12491.0000    12612.0480  5495400    0.97%
  23229 17546    12534.9931  1351    12491.0000    12612.0480  5529527    0.97%
  23257 17554    12531.0347  2129    12491.0000    12612.0480  5552647    0.97%
  23610 17742    12521.0917  2151    12491.0000    12609.8906  5710023    0.95%
  23650 17742    12525.2596  1884    12491.0000    12609.8906  5760815    0.95%
  23711 17777    12546.9059  2165    12491.0000    12609.8906  5804091    0.95%
  23775 17803        cutoff          12491.0000    12609.8906  5836959    0.95%
Elapsed time = 1587.27 sec. (433798.41 ticks, tree = 167.66 MB, solutions = 8)
Nodefile size = 38.00 MB (22.72 MB after compression)
  23823 17833        cutoff          12491.0000    12609.8906  5855681    0.95%
  24130 17982    12494.4684  1684    12491.0000    12607.5873  6030892    0.93%
  24160 17980        cutoff          12491.0000    12607.5873  6062233    0.93%
  24208 17992    12501.3976  1840    12491.0000    12607.5873  6111771    0.93%
  24278 18004        cutoff          12491.0000    12607.5873  6175967    0.93%
  24318 18012    12500.8702  1309    12491.0000    12607.5873  6222298    0.93%
  24358 18008        cutoff          12491.0000    12607.5873  6273864    0.93%
  24424 18010    12501.1097  1947    12491.0000    12607.5873  6355231    0.93%
  24519 18037    12503.8201  1492    12491.0000    12605.1233  6415177    0.91%
  24560 18054    12496.9085  1206    12491.0000    12605.1233  6459405    0.91%
Elapsed time = 1760.37 sec. (476479.55 ticks, tree = 170.19 MB, solutions = 8)
Nodefile size = 39.00 MB (23.30 MB after compression)
  24608 18076    12504.3808  1670    12491.0000    12605.1233  6490820    0.91%
  24656 18077    12492.6065  1789    12491.0000    12605.1233  6536805    0.91%
  24704 18087    12513.1561  2068    12491.0000    12605.1233  6578064    0.91%
  24760 18094    12546.5910  1583    12491.0000    12605.1233  6641342    0.91%
  24896 18112    12497.4708  1948    12491.0000    12602.5817  6764170    0.89%
  24944 18118        cutoff          12491.0000    12602.5817  6812048    0.89%
  24984 18134    12572.4228   902    12491.0000    12602.5817  6841146    0.89%
  25085 18168    12549.7465  1851    12491.0000    12602.5817  6907268    0.89%
  25141 18174    12512.1283  1158    12491.0000    12602.5817  6948823    0.89%
  25280 18219    12522.6647  1974    12491.0000    12602.5817  7028031    0.89%
Elapsed time = 1954.51 sec. (521929.34 ticks, tree = 168.75 MB, solutions = 8)
Nodefile size = 39.00 MB (23.30 MB after compression)
  25544 18341    12514.6195  2076    12491.0000    12600.0678  7156137    0.87%
  25613 18348    12536.1742  1597    12491.0000    12600.0678  7220218    0.87%
  25664 18358        cutoff          12491.0000    12600.0678  7266040    0.87%
  25700 18354    12520.8514  1159    12491.0000    12600.0678  7304277    0.87%
  25755 18358    12541.5897  1850    12491.0000    12600.0678  7357981    0.87%
  25812 18377    12541.5591  1788    12491.0000    12600.0678  7419523    0.87%
  26054 18483    12512.6121  2077    12491.0000    12597.9496  7542783    0.86%
  26121 18506    12496.9923  1696    12491.0000    12597.9496  7568752    0.86%
  26153 18506        cutoff          12491.0000    12597.9496  7595364    0.86%
  26225 18528    12541.3243  1239    12491.0000    12597.9496  7639586    0.86%
Elapsed time = 2141.17 sec. (565655.35 ticks, tree = 171.02 MB, solutions = 8)
Nodefile size = 40.35 MB (23.86 MB after compression)
  26271 18547        cutoff          12491.0000    12597.9496  7664578    0.86%
  26327 18545        cutoff          12491.0000    12597.9496  7709351    0.86%
  26359 18555        cutoff          12491.0000    12597.9496  7734298    0.86%
  26761 18732    12520.0700  1958    12491.0000    12594.7372  7914175    0.83%
  26796 18733    12498.8591  1561    12491.0000    12594.7372  7950445    0.83%
  26879 18756        cutoff          12491.0000    12594.7372  7997624    0.83%
  26983 18802        cutoff          12491.0000    12594.7372  8058303    0.83%
  27015 18808    12533.5055  1316    12491.0000    12594.7372  8080933    0.83%
  27040 18817    12529.1517  1939    12491.0000    12594.7372  8100324    0.83%
  27136 18865    12504.6008  1864    12491.0000    12594.7372  8142775    0.83%
Elapsed time = 2332.58 sec. (609158.08 ticks, tree = 218.52 MB, solutions = 8)
Nodefile size = 88.39 MB (57.25 MB after compression)
  27405 18937    12494.4241  1751    12491.0000    12592.2779  8333017    0.81%
  27447 18941    12512.7529  1798    12491.0000    12592.2779  8368417    0.81%
  27551 18957    12512.8127  2076    12491.0000    12592.2779  8451387    0.81%
  27592 18952    12549.4639  1819    12491.0000    12592.2779  8496350    0.81%
  27639 18947        cutoff          12491.0000    12592.2779  8544447    0.81%
  27695 18963        cutoff          12491.0000    12592.2779  8590886    0.81%
  27727 18979    12541.1988  1980    12491.0000    12592.2779  8613245    0.81%
  27954 19029    12532.1690  2055    12491.0000    12589.4162  8764738    0.79%
  27982 19031        cutoff          12491.0000    12589.4162  8793810    0.79%
  28022 19031    12492.3461  1891    12491.0000    12589.4162  8832096    0.79%
Elapsed time = 2512.81 sec. (651881.66 ticks, tree = 218.72 MB, solutions = 8)
Nodefile size = 89.18 MB (57.59 MB after compression)
  28070 19027        cutoff          12491.0000    12589.4162  8877182    0.79%
  28115 19044    12493.2688  1430    12491.0000    12589.4162  8920630    0.79%
  28171 19070    12499.3483  1688    12491.0000    12589.4162  8950345    0.79%
  28219 19074    12502.9095  1743    12491.0000    12589.4162  8991241    0.79%
  28251 19080    12522.6509  1596    12491.0000    12589.4162  9014066    0.79%
  28525 19108    12522.7346   934    12491.0000    12586.5357  9227525    0.76%
  28572 19116    12514.1350  1143    12491.0000    12586.5357  9263598    0.76%
  28620 19140    12500.7084  1682    12491.0000    12586.5357  9294345    0.76%
  28663 19146        cutoff          12491.0000    12586.5357  9320731    0.76%
  28719 19168    12534.8175  1421    12491.0000    12586.5357  9351318    0.76%
Elapsed time = 2714.90 sec. (697431.73 ticks, tree = 219.36 MB, solutions = 8)
Nodefile size = 89.18 MB (57.59 MB after compression)
  28835 19174    12497.6097  2217    12491.0000    12586.5357  9437231    0.76%
  28884 19184        cutoff          12491.0000    12586.5357  9474685    0.76%
  28932 19180        cutoff          12491.0000    12586.5357  9514025    0.76%
  29170 19210    12500.3177  1429    12491.0000    12583.6948  9684535    0.74%
  29210 19220    12512.9598  1350    12491.0000    12583.6948  9706392    0.74%
  29274 19242    12516.9825  1999    12491.0000    12583.6948  9738671    0.74%
  29346 19244        cutoff          12491.0000    12583.6948  9792274    0.74%
  29370 19244    12497.8531  1678    12491.0000    12583.6948  9822883    0.74%
  29442 19250        cutoff          12491.0000    12583.6948  9869548    0.74%
  29482 19258    12498.7517  2290    12491.0000    12583.6948  9897253    0.74%
Elapsed time = 2900.13 sec. (740866.21 ticks, tree = 218.84 MB, solutions = 8)
Nodefile size = 89.18 MB (57.59 MB after compression)
  29602 19258    12512.5127  2178    12491.0000    12583.6948  9987287    0.74%
  30019 19426        cutoff          12491.0000    12580.1130 10119372    0.71%
  30043 19418        cutoff          12491.0000    12580.1130 10147276    0.71%
  30099 19412        cutoff          12491.0000    12580.1130 10184902    0.71%
  30131 19408    12514.1044  1218    12491.0000    12580.1130 10202133    0.71%
  30240 19429        cutoff          12491.0000    12580.1130 10236672    0.71%
  30375 19472    12506.8834  2062    12491.0000    12580.1130 10283914    0.71%
  30442 19483    12494.8183  1425    12491.0000    12580.1130 10308488    0.71%
  30514 19495    12499.7883  2034    12491.0000    12580.1130 10339959    0.71%
  30811 19568        cutoff          12491.0000    12576.9319 10448310    0.69%
Elapsed time = 3071.26 sec. (784761.41 ticks, tree = 343.20 MB, solutions = 8)
Nodefile size = 213.89 MB (144.06 MB after compression)
  30851 19578    12513.3077   535    12491.0000    12576.9319 10467105    0.69%
  30931 19570        cutoff          12491.0000    12576.9319 10532231    0.69%
  30987 19584        cutoff          12491.0000    12576.9319 10562761    0.69%
  31115 19618    12524.5177  1841    12491.0000    12576.9319 10638289    0.69%
  31183 19618        cutoff          12491.0000    12576.9319 10681032    0.69%
  31274 19623    12498.1895  1990    12491.0000    12576.9319 10737341    0.69%
  31311 19622        cutoff          12491.0000    12576.9319 10767165    0.69%
  31686 19726        cutoff          12491.0000    12573.4837 10936836    0.66%
  31741 19745        cutoff          12491.0000    12573.4837 10964225    0.66%
  31830 19770    12513.7460  1714    12491.0000    12573.4837 11007924    0.66%
Elapsed time = 3256.22 sec. (826953.11 ticks, tree = 342.89 MB, solutions = 8)
Nodefile size = 213.89 MB (144.06 MB after compression)
  31925 19788        cutoff          12491.0000    12573.4837 11062084    0.66%
  32010 19791        cutoff          12491.0000    12573.4837 11106276    0.66%
  32066 19773    12521.6559  2382    12491.0000    12573.4837 11156050    0.66%
  32150 19789        cutoff          12491.0000    12573.4837 11200754    0.66%
  32230 19815    12512.6505  2294    12491.0000    12573.4837 11245048    0.66%
  32287 19828        cutoff          12491.0000    12573.4837 11270473    0.66%
  32696 19923    12501.0372  2019    12491.0000    12570.3712 11447467    0.64%
  32747 19928    12530.0035  1704    12491.0000    12570.3712 11480391    0.64%
  32798 19941        cutoff          12491.0000    12570.3712 11508694    0.64%
  32862 19953        cutoff          12491.0000    12570.3712 11542561    0.64%
Elapsed time = 3445.34 sec. (870821.65 ticks, tree = 344.15 MB, solutions = 8)
Nodefile size = 213.89 MB (144.06 MB after compression)
  32958 19990        cutoff          12491.0000    12570.3712 11577661    0.64%
  33300 20124        cutoff          12491.0000    12570.3712 11692537    0.64%
  33332 20112    12497.8240  2075    12491.0000    12570.3712 11727145    0.64%
  33436 20101    12514.5634  2437    12491.0000    12570.3712 11800837    0.64%
  33617 20088    12499.5351  1851    12491.0000    12570.3712 11915301    0.64%
  33786 20143        cutoff          12491.0000    12566.7457 11973265    0.61%
  33832 20136    12498.8400  1208    12491.0000    12566.7457 12009713    0.61%
  33952 20142        cutoff          12491.0000    12566.7457 12072432    0.61%

Clique cuts applied:  554
Cover cuts applied:  10869
Implied bound cuts applied:  1285
Zero-half cuts applied:  243
Gomory fractional cuts applied:  34

Root node processing (before b&c):
  Real time             =    9.45 sec. (10538.02 ticks)
Parallel b&c, 8 threads:
  Real time             = 3591.10 sec. (897694.26 ticks)
  Sync time (average)   =    0.03 sec.
  Wait time (average)   =    0.00 sec.
                          ------------
Total (root+branch&cut) = 3600.55 sec. (908232.28 ticks)

 ===================================================== 
 Model has 13579 rows and 13622 columns
 Objective   :         12491.0000
 UB          :         13360.3410
 LP gap      :             6.9597 (%)
 Status      :           Feasible
 GAP         :             0.5948 (%)
 Time        :           27952.38
 Iterations  :           12128932
 # B&B nodes :              34084
 # nodes left:              20159

 Solution includes 22 access points 
 ===================================================== 
solution:	4 5 6 8 9 10 13 14 15 17 20 24 25 26 27 31 35 36 37 38 39 41 
 ===================================================== 
coverage:	12491

 ===================================================== 
