Found incumbent of value 0.000000 after 0.00 sec. (1.16 ticks)
Probing time = 0.01 sec. (8.91 ticks)
Clique table members: 269.
MIP emphasis: balance optimality and feasibility.
MIP search method: dynamic search.
Parallel mode: deterministic, using up to 8 threads.
Root relaxation solution time = 0.05 sec. (118.56 ticks)

        Nodes                                         Cuts/
   Node  Left     Objective  IInf  Best Integer    Best Bound    ItCnt     Gap

*     0+    0                            0.0000    13578.0000        0     --- 
      0     0    11625.8941  4840        0.0000    11625.8941        0     --- 
*     0+    0                         7495.0000    11625.8941        0   55.12%
      0     0    10794.0505  6458     7495.0000    Cuts: 3494     5658   44.02%
*     0+    0                         8591.0000    10794.0505     5658   25.64%
      0     0    10493.4467  6032     8591.0000    Cuts: 3494     8853   22.14%
*     0+    0                         8769.0000    10493.4467    11484   19.67%
      0     0    10315.4704  6575     8769.0000    Cuts: 3494    11484   17.64%
      0     0    10211.6032  6082     8769.0000    Cuts: 3254    13509   16.45%
      0     0    10164.5431  5915     8769.0000    Cuts: 2219    15100   15.91%
      0     0    10113.4233  6288     8769.0000    Cuts: 1588    16694   15.33%
      0     0    10078.5653  6312     8769.0000    Cuts: 2061    17715   14.93%
      0     0    10062.4145  6410     8769.0000     Cuts: 995    18657   14.75%
      0     0    10052.5567  6354     8769.0000    Cuts: 2087    19467   14.64%
      0     0    10039.1433  6384     8769.0000     Cuts: 750    20348   14.48%
      0     0    10004.3382  6730     8769.0000    Cuts: 1724    21365   14.09%
      0     0     9990.9383  6729     8769.0000     Cuts: 491    22091   13.93%
      0     0     9986.4630  7058     8769.0000     Cuts: 163    22554   13.88%
      0     0     9982.4292  7357     8769.0000     Cuts: 150    22928   13.84%
*     0+    0                         9443.0000     9982.4292    22928    5.71%
      0     0     9975.7286  6825     9443.0000     Cuts: 312    23503    5.64%
      0     0     9973.9203  6865     9443.0000      Cuts: 73    23772    5.62%
      0     0     9971.6740  7274     9443.0000     Cuts: 278    23895    5.60%
      0     0     9970.0894  7286     9443.0000      Cuts: 39    23969    5.58%
      0     0     9968.7416  7283     9443.0000      Cuts: 36    24041    5.57%
      0     2     9968.7416  7279     9443.0000     9968.7416    24041    5.57%
Elapsed time = 27.87 sec. (36325.94 ticks, tree = 0.01 MB, solutions = 5)
      2     4     9828.6608  5629     9443.0000     9968.2897    26729    5.56%
      3     5     9842.8371  5382     9443.0000     9968.2897    29192    5.56%
      5     7     9837.4156  5812     9443.0000     9968.2897    29856    5.56%
      7     9     9937.6414  6509     9443.0000     9967.6246    31329    5.56%
      8    10     9648.8297  5772     9443.0000     9967.6246    33549    5.56%
     10    10        cutoff           9443.0000     9967.6246    38914    5.56%
     15    15     9936.2480  6420     9443.0000     9960.8124    43531    5.48%
     16    16     9654.9999  6636     9443.0000     9960.8124    46503    5.48%
     18    18     9649.6144  5770     9443.0000     9960.8124    49926    5.48%
     57    36        cutoff           9443.0000     9959.0775    63548    5.47%
Elapsed time = 46.67 sec. (48110.08 ticks, tree = 0.03 MB, solutions = 5)
     89    63     9951.2073  7259     9443.0000     9959.0775    66355    5.47%
    259   121     9568.4459  4875     9443.0000     9954.4889   102157    5.42%
    279   133     9948.9196  7166     9443.0000     9954.4889   107019    5.42%
    287   139        cutoff           9443.0000     9954.4889   115028    5.42%
    436   224        cutoff           9443.0000     9954.4889   142199    5.42%
    452   232        cutoff           9443.0000     9954.4889   145974    5.42%
    687   337        cutoff           9443.0000     9954.4889   188064    5.42%
    703   349        cutoff           9443.0000     9954.4889   194114    5.42%
    859   441        cutoff           9443.0000     9954.4889   236139    5.42%
    931   497     9699.2186  6652     9443.0000     9954.4889   245698    5.42%
Elapsed time = 103.46 sec. (66063.62 ticks, tree = 6.89 MB, solutions = 5)
   1038   550     9544.4687  7561     9443.0000     9954.4889   300022    5.42%
   1070   580     9531.0002  7553     9443.0000     9954.4889   307671    5.42%
   1184   632     9619.7819  5639     9443.0000     9954.4889   359339    5.42%
   1218   662     9541.4495  7775     9443.0000     9954.4889   372040    5.42%
   1316   707     9454.2350  3663     9443.0000     9954.4889   437135    5.42%
   1335   726     9940.7126  7041     9443.0000     9954.4889   439230    5.42%
   1372   763     9464.9131  3702     9443.0000     9954.4889   449650    5.42%
   1383   772     9618.3149  5468     9443.0000     9954.4889   458362    5.42%
   1478   865     9938.0042  7028     9443.0000     9954.4889   521802    5.42%
   1502   889     9933.5631  6727     9443.0000     9954.4889   528125    5.42%
Elapsed time = 177.74 sec. (91395.44 ticks, tree = 11.71 MB, solutions = 5)
   1534   921     9925.1187  6516     9443.0000     9954.4889   534382    5.42%
   1558   943     9931.2762  6670     9443.0000     9954.4889   537005    5.42%
   1582   967     9562.7830  6032     9443.0000     9954.4889   551348    5.42%
   1682  1051     9492.3939  5100     9443.0000     9954.4889   630060    5.42%
   1687  1054     9543.9037  5365     9443.0000     9954.4889   636557    5.42%
   1719  1084     9930.5679  6655     9443.0000     9954.4889   642521    5.42%
   1751  1114     9649.0450  6047     9443.0000     9954.4889   653839    5.42%
   1759  1122     9704.7297  4659     9443.0000     9954.4889   658205    5.42%
   1979  1242     9464.6764  5024     9443.0000     9954.4889   754275    5.42%
   1994  1255     9589.7285  5407     9443.0000     9954.4889   763843    5.42%
Elapsed time = 242.61 sec. (110565.15 ticks, tree = 11.43 MB, solutions = 5)
   2002  1263     9839.8039  6049     9443.0000     9954.4889   766231    5.42%
   2018  1279     9838.8039  6048     9443.0000     9954.4889   773311    5.42%
   2034  1293     9837.8039  6050     9443.0000     9954.4889   781056    5.42%
   2050  1309     9836.8039  6048     9443.0000     9954.4889   787620    5.42%
   2409  1642     9537.0930  5713     9443.0000     9954.4889   883136    5.42%
   2431  1662     9826.7452  6050     9443.0000     9954.4889   893029    5.42%
   2447  1678     9821.7452  6050     9443.0000     9954.4889   897859    5.42%
   2463  1694     9817.7452  6050     9443.0000     9954.4889   901447    5.42%
   2479  1710     9816.7452  6049     9443.0000     9954.4889   908111    5.42%
   2495  1726     9815.7452  6050     9443.0000     9954.4889   916307    5.42%
Elapsed time = 297.21 sec. (125602.38 ticks, tree = 17.72 MB, solutions = 5)
   2511  1740     9814.7452  6052     9443.0000     9954.4889   923635    5.42%
   2527  1754     9813.7452  6051     9443.0000     9954.4889   932526    5.42%
   2543  1770     9808.7452  6049     9443.0000     9954.4889   936928    5.42%
   2969  2057     9543.5485  5323     9443.0000     9954.4889  1032037    5.42%
   2986  2072     9804.6798  6055     9443.0000     9954.4889  1039071    5.42%
   3002  2084     9802.6798  6055     9443.0000     9954.4889  1043359    5.42%
   3018  2098     9801.6798  6054     9443.0000     9954.4889  1048537    5.42%
   3034  2112     9796.6798  6054     9443.0000     9954.4889  1053057    5.42%
   3050  2124     9795.6798  6054     9443.0000     9954.4889  1060962    5.42%
   3066  2136     9789.6798  6054     9443.0000     9954.4889  1065766    5.42%
Elapsed time = 347.39 sec. (139328.40 ticks, tree = 20.87 MB, solutions = 5)
   3082  2148     9788.6798  6054     9443.0000     9954.4889  1071186    5.42%
   4297  2479     9495.0932  6591     9443.0000     9954.4889  1188853    5.42%
   4382  2489     9537.1685  6528     9443.0000     9949.7536  1207357    5.37%
   4398  2499     9864.4867  6073     9443.0000     9949.7536  1224624    5.37%
   4462  2551        cutoff           9443.0000     9949.7536  1236625    5.37%
   4542  2603     9512.6024  4301     9443.0000     9949.7536  1257067    5.37%
   4622  2669     9731.3692  5435     9443.0000     9949.7536  1290139    5.37%
   4654  2693     9827.1419  6208     9443.0000     9949.7536  1303907    5.37%
   4693  2724     9811.7432  6356     9443.0000     9949.7536  1328856    5.37%
   4735  2754     9469.5588  6353     9443.0000     9949.7536  1348749    5.37%
Elapsed time = 413.76 sec. (161362.68 ticks, tree = 23.34 MB, solutions = 5)
   5167  3054     9516.1947  5064     9443.0000     9948.7508  1385605    5.36%
   5191  3074     9606.3457  6015     9443.0000     9948.7508  1393794    5.36%
   5197  3080     9507.9538  5394     9443.0000     9948.7508  1398247    5.36%
   5205  3086     9775.7885  6024     9443.0000     9948.7508  1404356    5.36%
   5221  3102     9764.7885  6025     9443.0000     9948.7508  1414043    5.36%
   5237  3114     9722.7885  6026     9443.0000     9948.7508  1425702    5.36%
   5253  3128     9799.1542  6084     9443.0000     9948.7508  1436054    5.36%
   5281  3148     9550.2487  7602     9443.0000     9948.7508  1465120    5.36%
   5341  3204     9498.9754  5407     9443.0000     9948.7508  1505301    5.36%
   5366  3227     9685.1066  4894     9443.0000     9948.7508  1518744    5.36%
Elapsed time = 464.96 sec. (174966.72 ticks, tree = 27.83 MB, solutions = 5)
   5382  3239     9707.2502  5015     9443.0000     9948.7508  1525910    5.36%
   5398  3251     9697.0351  4908     9443.0000     9948.7508  1535933    5.36%
   5493  3318     9773.6471  6439     9443.0000     9948.7508  1580236    5.36%
   5576  3361     9913.0945  6153     9443.0000     9948.7508  1599984    5.36%
   5578  3363     9706.2727  7153     9443.0000     9948.7508  1603290    5.36%
   5582  3363     9757.8813  6616     9443.0000     9948.7508  1613105    5.36%
   5590  3365     9766.8730  5704     9443.0000     9948.7508  1628018    5.36%
   5613  3370        cutoff           9443.0000     9948.7508  1648239    5.36%
   5621  3374        cutoff           9443.0000     9948.7508  1666298    5.36%
   5629  3380        cutoff           9443.0000     9948.7508  1673236    5.36%
Elapsed time = 544.33 sec. (194236.47 ticks, tree = 29.54 MB, solutions = 5)
   5645  3392     9870.7588  7296     9443.0000     9948.7508  1680569    5.36%
   5677  3422     9860.5828  6119     9443.0000     9948.7508  1685885    5.36%
   5826  3516     9587.1145  6322     9443.0000     9948.7508  1752096    5.36%
   6444  3919     9769.5257  6619     9443.0000     9948.7508  1867315    5.36%
   6450  3925     9691.1748  5250     9443.0000     9948.7508  1869858    5.36%
   6472  3945     9568.2568  3083     9443.0000     9948.7508  1881587    5.36%
   6483  3954        cutoff           9443.0000     9948.7508  1890479    5.36%
   6580  4037     9506.5545  4343     9443.0000     9948.7508  1911243    5.36%
   6653  4099     9481.1179   695     9443.0000     9948.7508  1924523    5.36%
   6773  4203     9470.1179   692     9443.0000     9948.7508  1956112    5.36%
Elapsed time = 598.24 sec. (213060.59 ticks, tree = 33.28 MB, solutions = 5)
   6893  4296     9463.1179   696     9443.0000     9948.7508  1987214    5.36%
   6989  4368     9457.1179   695     9443.0000     9948.7508  2011630    5.36%
   8871  5412     9785.3861  5531     9443.0000     9947.2037  2218140    5.34%
   9014  5528     9561.5720  3972     9443.0000     9947.2037  2244079    5.34%
   9070  5554     9607.4158  4793     9443.0000     9947.2037  2272715    5.34%
   9142  5599     9665.0657  5462     9443.0000     9947.2037  2297573    5.34%
   9166  5613     9455.9960  7500     9443.0000     9947.2037  2309602    5.34%
   9190  5625        cutoff           9443.0000     9947.2037  2319551    5.34%
  11216  6946        cutoff           9443.0000     9944.8777  2522443    5.31%
  11232  6957     9621.4709  5470     9443.0000     9944.8777  2548757    5.31%
Elapsed time = 771.20 sec. (258890.88 ticks, tree = 52.77 MB, solutions = 5)
  11860  7295     9816.0165  6214     9443.0000     9944.8777  2608333    5.31%
  12319  7579     9570.9991  3323     9443.0000     9944.8777  2640934    5.31%
  12702  7837        cutoff           9443.0000     9944.8777  2682411    5.31%
  15072  9762        cutoff           9443.0000     9944.8777  2814487    5.31%
  15088  9768        cutoff           9443.0000     9944.8777  2826297    5.31%
  15128  9795     9738.2970  4417     9443.0000     9944.8777  2840418    5.31%
  16520 10766     9631.4406  4290     9443.0000     9944.8777  2887935    5.31%
  18215 12181     9711.2401  4270     9443.0000     9944.8777  2967320    5.31%
  19482 13242     9671.7618  4817     9443.0000     9931.3302  3043381    5.17%
  20438 14176     9712.2401  4271     9443.0000     9931.3302  3076845    5.17%
Elapsed time = 938.32 sec. (306018.40 ticks, tree = 105.70 MB, solutions = 5)
  21222 14863     9486.4412   581     9443.0000     9931.3302  3122915    5.17%
  21888 15414     9654.5012  4782     9443.0000     9931.3302  3150047    5.17%
  23874 17113        cutoff           9443.0000     9924.0891  3236624    5.09%
  23898 17134     9616.1390  5465     9443.0000     9924.0891  3262187    5.09%
  25474 18464        cutoff           9443.0000     9924.0891  3310298    5.09%
  26732 19571     9719.2541  4268     9443.0000     9924.0891  3387083    5.09%
  27174 19972     9469.4468  4677     9443.0000     9917.8337  3423458    5.03%
  27342 20077        cutoff           9443.0000     9917.8337  3449680    5.03%
  27510 20211     9626.0185  4364     9443.0000     9917.8337  3460965    5.03%
  29509 21972     9560.6839  3612     9443.0000     9915.8020  3593398    5.01%
Elapsed time = 1103.25 sec. (350681.85 ticks, tree = 175.75 MB, solutions = 5)
Nodefile size = 46.46 MB (30.33 MB after compression)
  29639 22068        cutoff           9443.0000     9915.8020  3620492    5.01%
  29671 22092     9631.6291  5949     9443.0000     9915.8020  3630566    5.01%
  30486 22717     9569.4950  3615     9443.0000     9915.8020  3677851    5.01%
  31759 23729        cutoff           9443.0000     9911.2854  3778361    4.96%
  31767 23737     9670.1417  6980     9443.0000     9911.2854  3797045    4.96%
  32145 24071     9570.1690  4707     9443.0000     9911.2854  3825801    4.96%
  32249 24169     9559.4225  4342     9443.0000     9911.2854  3833714    4.96%
  33618 25400     9591.0701  5415     9443.0000     9906.9222  3962370    4.91%
  33947 25609     9511.2912  5526     9443.0000     9906.9222  4003788    4.91%
  34043 25673     9665.0590  6979     9443.0000     9906.9222  4028176    4.91%
Elapsed time = 1268.34 sec. (394197.76 ticks, tree = 201.37 MB, solutions = 5)
Nodefile size = 72.39 MB (43.36 MB after compression)
  35316 26610     9753.8899  7098     9443.0000     9904.7742  4159392    4.89%
  35607 26812     9730.8354  5467     9443.0000     9904.7742  4189333    4.89%
  36167 27278     9668.7293  4396     9443.0000     9904.7742  4203412    4.89%
  38084 28878        cutoff           9443.0000     9896.4365  4313407    4.80%
  38100 28889        cutoff           9443.0000     9896.4365  4333972    4.80%
  38116 28900     9740.5855  7099     9443.0000     9896.4365  4348971    4.80%
  39692 30382     9669.7438  6966     9443.0000     9896.4365  4425969    4.80%
  40658 31317     9458.3965  2496     9443.0000     9893.4515  4495695    4.77%
  40802 31456     9453.0964  2493     9443.0000     9893.4515  4505797    4.77%
  41896 32488     9739.4916  7095     9443.0000     9893.4515  4553277    4.77%
Elapsed time = 1432.17 sec. (443318.89 ticks, tree = 253.41 MB, solutions = 5)
Nodefile size = 119.85 MB (68.22 MB after compression)
  43241 33779     9602.0733  4372     9443.0000     9892.3696  4654508    4.76%
  43337 33854     9597.8798  4367     9443.0000     9892.3696  4670166    4.76%
  44517 34852     9738.3309  7098     9443.0000     9892.3696  4761409    4.76%
  45085 35316     9707.2364  5464     9443.0000     9889.5804  4803960    4.73%
  45383 35558     9607.9707  4966     9443.0000     9889.5804  4852130    4.73%
  46254 36333     9701.7401  5475     9443.0000     9889.5804  4912739    4.73%
  47021 37001     9650.9711  6846     9443.0000     9886.8436  4970154    4.70%
  47329 37237        cutoff           9443.0000     9886.8436  5026251    4.70%
  47974 37768     9571.4946  5391     9443.0000     9886.8436  5081729    4.70%
  48969 38738        cutoff           9443.0000     9884.5183  5122104    4.68%
Elapsed time = 1593.43 sec. (488457.39 ticks, tree = 311.87 MB, solutions = 5)
Nodefile size = 183.20 MB (98.78 MB after compression)
  48985 38749     9656.3001  6677     9443.0000     9884.5183  5140841    4.68%
  49138 38851     9742.7138  7163     9443.0000     9884.5183  5182290    4.68%
  50451 39961        cutoff           9443.0000     9882.0517  5304421    4.65%
  50467 39971     9719.7177  7105     9443.0000     9882.0517  5326985    4.65%
  51367 40633        cutoff           9443.0000     9882.0517  5422270    4.65%
  51851 41097     9720.6823  7109     9443.0000     9878.8429  5452686    4.62%
  51880 41110        cutoff           9443.0000     9878.8429  5500743    4.62%
  51896 41118     9746.7969  5951     9443.0000     9878.8429  5517831    4.62%
  52654 41738        cutoff           9443.0000     9870.6655  5631249    4.53%
  52670 41754     9716.7922  5485     9443.0000     9870.6655  5666126    4.53%
Elapsed time = 1767.16 sec. (537411.36 ticks, tree = 338.33 MB, solutions = 5)
Nodefile size = 209.00 MB (109.58 MB after compression)
  53496 42570     9548.4641  4321     9443.0000     9870.6655  5694673    4.53%
  54437 43464     9538.3096  4996     9443.0000     9868.0297  5776006    4.50%
  54771 43702        cutoff           9443.0000     9868.0297  5808690    4.50%
  54787 43710     9691.4093  6151     9443.0000     9868.0297  5818190    4.50%
  56113 44396     9527.0454  5538     9443.0000     9867.8752  5950111    4.50%
  57023 45102     9453.6907  1660     9443.0000     9867.8752  5981756    4.50%
  57191 45232     9718.9340  5976     9443.0000     9867.8752  5991685    4.50%
  57653 45633     9527.3579  5484     9443.0000     9860.9981  6102891    4.43%
  58051 45928     9658.7305  5465     9443.0000     9860.9981  6135278    4.43%
  59077 46684     9519.4224  4753     9443.0000     9858.9453  6231375    4.40%
Elapsed time = 1944.27 sec. (584529.57 ticks, tree = 380.33 MB, solutions = 5)
Nodefile size = 251.51 MB (123.79 MB after compression)
  59099 46699     9652.9809  5754     9443.0000     9858.9453  6255830    4.40%
  59765 47208     9681.7394  6150     9443.0000     9858.9453  6297964    4.40%
  60728 47956     9535.0805  6900     9443.0000     9856.0119  6391605    4.37%
  60755 47975     9447.9576  6313     9443.0000     9856.0119  6423069    4.37%
  60787 47991     9648.8414  5459     9443.0000     9856.0119  6446268    4.37%
  61664 48679     9741.7993  5469     9443.0000     9851.3519  6556710    4.32%
  61809 48814     9704.6622  5828     9443.0000     9851.3519  6578393    4.32%
  63272 50124        cutoff           9443.0000     9851.3519  6653117    4.32%
  63420 50250     9707.9596  7150     9443.0000     9849.1549  6714773    4.30%
  63436 50266     9484.7870  4265     9443.0000     9849.1549  6728265    4.30%
Elapsed time = 2136.64 sec. (635002.45 ticks, tree = 412.18 MB, solutions = 5)
Nodefile size = 283.32 MB (135.06 MB after compression)
  64119 50747     9642.7899  5465     9443.0000     9849.1549  6764280    4.30%
  64560 50982        cutoff           9443.0000     9846.0910  6853777    4.27%
  64576 50986     9700.8137  7214     9443.0000     9846.0910  6895234    4.27%
  64609 50989        cutoff           9443.0000     9846.0910  6938843    4.27%
  64875 51208     9635.9462  5462     9443.0000     9839.5988  7017873    4.20%
  64894 51221     9772.6683  6305     9443.0000     9839.5988  7065521    4.20%
  64928 51245     9570.9026  5243     9443.0000     9839.5988  7087691    4.20%
  66789 52943        cutoff           9443.0000     9837.8006  7174051    4.18%
  66813 52955        cutoff           9443.0000     9837.8006  7194790    4.18%
  66829 52971     9627.9805  5461     9443.0000     9837.8006  7203649    4.18%
Elapsed time = 2303.56 sec. (682902.74 ticks, tree = 435.63 MB, solutions = 5)
Nodefile size = 306.21 MB (143.35 MB after compression)
  68071 53928     9675.9466  7240     9443.0000     9835.9776  7351137    4.16%
  68087 53931     9477.6705  5178     9443.0000     9835.9776  7380029    4.16%
  68120 53930     9623.1660  5571     9443.0000     9835.9776  7423663    4.16%
  68955 54554     9665.1863  7326     9443.0000     9832.4136  7495327    4.12%
  68971 54560     9447.2040  4289     9443.0000     9832.4136  7536460    4.12%
  69043 54603     9670.7023  4380     9443.0000     9832.4136  7580208    4.12%
  69880 55267     9612.8229  5494     9443.0000     9829.3617  7666607    4.09%
  69896 55271     9463.2990  4103     9443.0000     9829.3617  7694094    4.09%
  69922 55277     9461.4507  4223     9443.0000     9829.3617  7724014    4.09%
  70044 55365     9539.3081  6230     9443.0000     9829.3617  7761564    4.09%
Elapsed time = 2464.68 sec. (729142.76 ticks, tree = 458.08 MB, solutions = 5)
Nodefile size = 328.12 MB (151.19 MB after compression)
  70722 55909     9601.7534  5676     9443.0000     9828.2331  7848566    4.08%
  70739 55920     9609.8362  5499     9443.0000     9828.2331  7864488    4.08%
  70798 55966     9771.9692  6277     9443.0000     9828.2331  7887789    4.08%
  71638 56714     9653.7564  7332     9443.0000     9826.7382  8002544    4.06%
  71662 56726     9458.1220  4110     9443.0000     9826.7382  8039889    4.06%
  71910 56949     9747.9528  6438     9443.0000     9826.7382  8061037    4.06%
  72605 57540     9447.5556  6873     9443.0000     9822.4615  8178070    4.02%
  72630 57537     9455.1220  4112     9443.0000     9822.4615  8220577    4.02%
  72653 57546     9741.9721  6424     9443.0000     9822.4615  8261595    4.02%
  73392 58135        cutoff           9443.0000     9820.7289  8362455    4.00%
Elapsed time = 2652.53 sec. (781669.03 ticks, tree = 482.42 MB, solutions = 5)
Nodefile size = 352.88 MB (158.91 MB after compression)
  73448 58170     9772.5894  6278     9443.0000     9820.7289  8379796    4.00%
  73559 58242        cutoff           9443.0000     9820.7289  8422274    4.00%
  74736 59105     9589.1236  5600     9443.0000     9818.4756  8529222    3.98%
  74754 59110        cutoff           9443.0000     9818.4756  8561301    3.98%
  74770 59118     9598.8781  7514     9443.0000     9818.4756  8587406    3.98%
  75598 59879     9585.2588  5645     9443.0000     9813.7966  8723745    3.93%
  75609 59884     9626.5412  6945     9443.0000     9813.7966  8740321    3.93%
  75625 59894        cutoff           9443.0000     9813.7966  8761019    3.93%
  76916 60536     9627.7851  6948     9443.0000     9813.7966  8884465    3.93%
  76925 60543        cutoff           9443.0000     9813.5571  8904567    3.92%
Elapsed time = 2837.48 sec. (829282.40 ticks, tree = 503.46 MB, solutions = 5)
Nodefile size = 374.71 MB (165.44 MB after compression)
  76949 60551     9636.0751  6214     9443.0000     9813.5571  8930369    3.92%
  76979 60577     9504.0029  3787     9443.0000     9813.5571  8950121    3.92%
  77937 61415        cutoff           9443.0000     9808.6107  9059601    3.87%
  77952 61422     9577.7476  4476     9443.0000     9808.6107  9082001    3.87%
  77961 61423     9560.7355  5847     9443.0000     9808.6107  9097981    3.87%
  78773 62003        cutoff           9443.0000     9808.6107  9208138    3.87%
  78910 62075     9605.8307  5316     9443.0000     9804.4887  9239816    3.83%
  78940 62089     9684.8995  5454     9443.0000     9804.4887  9288936    3.83%
  78950 62099     9568.7476  4472     9443.0000     9804.4887  9303244    3.83%
  80061 63147     9609.3926  5730     9443.0000     9804.4887  9377526    3.83%
Elapsed time = 3015.10 sec. (875034.51 ticks, tree = 519.70 MB, solutions = 5)
Nodefile size = 388.64 MB (169.78 MB after compression)
  80105 63185     9449.7727  7622     9443.0000     9799.7869  9413945    3.78%
  80133 63191        cutoff           9443.0000     9799.7869  9474665    3.78%
  80149 63205     9623.9890  6218     9443.0000     9799.7869  9502065    3.78%
  80702 63674     9559.7476  4475     9443.0000     9796.4314  9588597    3.74%
  80715 63681     9557.7476  4479     9443.0000     9796.4314  9605610    3.74%
  80734 63690     9560.7476  4478     9443.0000     9796.4314  9631946    3.74%
  80758 63702     9605.3105  6272     9443.0000     9796.4314  9657035    3.74%
  81910 64637     9502.2220  3789     9443.0000     9792.8144  9789394    3.70%
  81920 64645     9556.7580  5660     9443.0000     9792.8144  9810598    3.70%
  81943 64664     9596.7222  6268     9443.0000     9792.8144  9827996    3.70%
Elapsed time = 3215.18 sec. (919556.89 ticks, tree = 540.96 MB, solutions = 5)
Nodefile size = 411.51 MB (177.01 MB after compression)
  82921 65506     9538.0834  4482     9443.0000     9787.7152  9943352    3.65%
  82930 65509     9551.0012  5666     9443.0000     9787.7152  9960000    3.65%
  82963 65518        cutoff           9443.0000     9787.7152 10013248    3.65%
  82971 65522     9445.8221  7605     9443.0000     9787.7152 10026335    3.65%
  83991 66320     9586.8821  6216     9443.0000     9784.5041 10136203    3.62%
  84039 66346        cutoff           9443.0000     9784.5041 10165013    3.62%
  84055 66361     9529.5966  5407     9443.0000     9784.5041 10174558    3.62%
  85403 67558     9538.5268  5658     9443.0000     9780.8464 10304508    3.58%
  85436 67551     9568.7596  5885     9443.0000     9780.8464 10356324    3.58%
  85459 67558     9573.3679  6201     9443.0000     9780.8464 10393991    3.58%
Elapsed time = 3402.11 sec. (966598.44 ticks, tree = 567.17 MB, solutions = 5)
Nodefile size = 438.31 MB (185.69 MB after compression)
  85486 67575     9529.4597  4724     9443.0000     9780.8464 10424793    3.58%
  86240 68230     9601.3872  5877     9443.0000     9777.2862 10502541    3.54%
  86254 68238     9569.5507  6201     9443.0000     9777.2862 10520888    3.54%
  86286 68256     9701.6944  4456     9443.0000     9777.2862 10545087    3.54%
  87393 68964        cutoff           9443.0000     9774.7468 10661339    3.51%
  87417 68972        cutoff           9443.0000     9774.7468 10687209    3.51%
  87457 69006     9588.3184  4801     9443.0000     9774.7468 10714669    3.51%
  88587 69986     9573.3227  5896     9443.0000     9774.7468 10822641    3.51%
  88752 70115     9466.6934  3680     9443.0000     9771.7484 10847868    3.48%
  88784 70137        cutoff           9443.0000     9771.7484 10864378    3.48%
Elapsed time = 3578.54 sec. (1012709.25 ticks, tree = 589.97 MB, solutions = 5)
Nodefile size = 461.22 MB (194.43 MB after compression)
  88824 70167        cutoff           9443.0000     9771.7484 10873121    3.48%

Clique cuts applied:  62
Cover cuts applied:  12536
Implied bound cuts applied:  726
Zero-half cuts applied:  276
Gomory fractional cuts applied:  1

Root node processing (before b&c):
  Real time             =   27.78 sec. (36224.41 ticks)
Parallel b&c, 8 threads:
  Real time             = 3572.38 sec. (984001.53 ticks)
  Sync time (average)   =    0.04 sec.
  Wait time (average)   =    0.00 sec.
                          ------------
Total (root+branch&cut) = 3600.16 sec. (1020225.94 ticks)

 ===================================================== 
 Model has 13579 rows and 13622 columns
 Objective   :          9443.0000
 UB          :         11625.8941
 LP gap      :            23.1165 (%)
 Status      :           Feasible
 GAP         :             3.4650 (%)
 Time        :           27519.18
 Iterations  :           10995918
 # B&B nodes :              90185
 # nodes left:              71279

 Solution includes 4 access points 
 ===================================================== 
solution:	6 8 10 20 
 ===================================================== 
coverage:	9443

 ===================================================== 
