Found incumbent of value 0.000000 after 0.00 sec. (1.16 ticks)
Probing time = 0.01 sec. (7.77 ticks)
Clique table members: 2473.
MIP emphasis: balance optimality and feasibility.
MIP search method: dynamic search.
Parallel mode: deterministic, using up to 8 threads.
Root relaxation solution time = 0.10 sec. (134.97 ticks)

        Nodes                                         Cuts/
   Node  Left     Objective  IInf  Best Integer    Best Bound    ItCnt     Gap

*     0+    0                            0.0000    13578.0000      633     --- 
*     0+    0                         9333.0000    13578.0000      633   45.48%
      0     0    12391.8087  3487     9333.0000    12391.8087      633   32.77%
      0     0    11883.2492  3852     9333.0000    Cuts: 3494     3913   27.33%
      0     0    11602.5100  4101     9333.0000    Cuts: 3494     7222   24.32%
*     0+    0                         9842.0000    11602.5100    10068   17.89%
      0     0    11457.3613  4521     9842.0000    Cuts: 3494    10068   16.41%
*     0+    0                        10087.0000    11457.3613    10068   13.59%
*     0+    0                        10130.0000    11457.3613    10068   13.10%
      0     0    11425.6806  4059    10130.0000    Cuts: 2224    11324   12.79%
      0     0    11397.1440  4563    10130.0000    Cuts: 2932    12438   12.51%
      0     0    11376.4646  4398    10130.0000    Cuts: 1078    13206   12.30%
      0     0    11366.6950  4572    10130.0000    Cuts: 2686    13868   12.21%
      0     0    11358.1831  4586    10130.0000    Cuts: 1491    14476   12.12%
      0     0    11354.0622  4580    10130.0000     Cuts: 693    14804   12.08%
      0     0    11350.9213  4539    10130.0000     Cuts: 475    15212   12.05%
*     0+    0                        10262.0000    11350.9213    15212   10.61%
      0     0    11346.8381  4591    10262.0000     Cuts: 688    15619   10.57%
      0     0    11344.1676  4591    10262.0000     Cuts: 635    15816   10.55%
      0     0    11342.4677  4599    10262.0000     Cuts: 328    16006   10.53%
      0     0    11340.3194  4654    10262.0000     Cuts: 453    16198   10.51%
      0     0    11338.3556  4648    10262.0000     Cuts: 587    16373   10.49%
      0     0    11336.5663  4643    10262.0000     Cuts: 321    16550   10.47%
      0     0    11335.3151  4606    10262.0000     Cuts: 309    16663   10.46%
      0     0    11334.3346  4660    10262.0000     Cuts: 153    16822   10.45%
*     0+    0                        10332.0000    11334.3346    16822    9.70%
      0     2    11334.3346  4660    10332.0000    11334.3346    16822    9.70%
Elapsed time = 21.52 sec. (26370.14 ticks, tree = 0.01 MB, solutions = 7)
      1     3    11307.7962  4215    10332.0000    11334.3346    18222    9.70%
      3     5    11307.1327  4211    10332.0000    11333.7122    19527    9.70%
      8    10    11283.4574  3567    10332.0000    11333.7122    21951    9.70%
      9    11    11305.4666  4215    10332.0000    11333.0906    23560    9.69%
     18    20    11331.5893  4608    10332.0000    11332.3362    27764    9.68%
     22    24    11275.2138  3461    10332.0000    11332.3362    29618    9.68%
     23    25    11292.2867  3738    10332.0000    11332.3362    30649    9.68%
*    24+   24                        10443.0000    11332.3362    30847    8.52%
     26    28    11304.2950  4210    10443.0000    11332.3362    32407    8.52%
     28    30    11143.2640  3874    10443.0000    11332.3362    37215    8.52%
     35    37    11154.1348  3940    10443.0000    11331.5825    47258    8.51%
Elapsed time = 38.86 sec. (35300.99 ticks, tree = 0.03 MB, solutions = 7)
     64    66    11300.2360  4209    10443.0000    11329.9702    81803    8.49%
     65    67    11153.1348  3940    10443.0000    11329.9702    86771    8.49%
     81    83    11152.1348  3941    10443.0000    11329.9702   122003    8.49%
    101   103    11151.1348  3940    10443.0000    11327.9581   161295    8.47%
    106   108    11151.5324  3892    10443.0000    11327.9581   181449    8.47%
    117   119    11147.1348  3940    10443.0000    11327.9581   191775    8.47%
    121   123    11149.5658  3906    10443.0000    11327.9581   207703    8.47%
    137   139    11147.5658  3905    10443.0000    11327.9581   238570    8.47%
    152   154    11144.5324  3894    10443.0000    11327.9581   267797    8.47%
    176   178    11288.2403  4212    10443.0000    11323.9222   294437    8.44%
Elapsed time = 99.95 sec. (52533.02 ticks, tree = 0.13 MB, solutions = 8)
    177   179    11141.1348  3940    10443.0000    11323.9222   298080    8.44%
    185   187    11284.0744  3562    10443.0000    11323.9222   322898    8.44%
    192   194    11287.2403  4211    10443.0000    11323.9222   325229    8.44%
    193   195    11140.1348  3940    10443.0000    11323.9222   329610    8.44%
    209   211    11139.1348  3942    10443.0000    11323.9222   359583    8.44%
    242   244    11283.2408  4209    10443.0000    11321.4379   435127    8.41%
    258   260    11282.2408  4206    10443.0000    11321.4379   474981    8.41%
    259   261    11134.1348  3941    10443.0000    11321.4379   479062    8.41%
    275   277    11133.1348  3940    10443.0000    11321.4379   510516    8.41%
    296   298    11122.8084  4145    10443.0000    11321.4379   534698    8.41%
Elapsed time = 176.09 sec. (74729.97 ticks, tree = 0.35 MB, solutions = 8)
    303   305    11127.4010  3874    10443.0000    11321.4379   548207    8.41%
    315   317    11121.9406  4149    10443.0000    11321.4379   553951    8.41%
*   417+  417                        10545.0000    11320.0114   611877    7.35%
    417   419    11296.0159  4301    10545.0000    11320.0114   611877    7.35%
    441   443    11112.6510  3751    10545.0000    11320.0114   625983    7.35%
*   447+  447                        10567.0000    11320.0114   633165    7.13%
    449   451    11221.8711  3287    10567.0000    11320.0114   635807    7.13%
    465   467    11220.8711  3287    10567.0000    11320.0114   648085    7.13%
    485   487    11073.6426  4033    10567.0000    11320.0114   663420    7.13%
*   497+  497                        10576.0000    11320.0114   672032    7.03%
    497   499    11303.2151  4392    10576.0000    11320.0114   672032    7.03%
    505   507    11280.8223  3895    10576.0000    11320.0114   682220    7.03%
    521   523    11279.8223  3897    10576.0000    11320.0114   695951    7.03%
Elapsed time = 238.47 sec. (90871.24 ticks, tree = 2.90 MB, solutions = 8)
    533   535    11070.6426  4033    10576.0000    11320.0114   710699    7.03%
    646   648    11301.7847  4386    10576.0000    11320.0114   832703    7.03%
    654   656    11277.8223  3895    10576.0000    11320.0114   834791    7.03%
    666   668    11069.3918  4008    10576.0000    11320.0114   848982    7.03%
*   678+  678                        10603.0000    11320.0114   855344    6.76%
    678   680    11300.8480  4384    10603.0000    11320.0114   855344    6.76%
    694   694    11300.3847  4382    10603.0000    11320.0114   877680    6.76%
    702   700    11274.8223  3895    10603.0000    11320.0114   898918    6.76%
    718   714    11273.8223  3895    10603.0000    11320.0114   911745    6.76%
    750   744    11271.8779  3893    10603.0000    11320.0114   952865    6.76%
    766   758    11270.8779  3893    10603.0000    11320.0114   972953    6.76%
Elapsed time = 301.49 sec. (107638.99 ticks, tree = 3.65 MB, solutions = 11)
    791   779    11061.3918  4008    10603.0000    11320.0114  1009862    6.76%
    859   831    11269.8779  3893    10603.0000    11320.0114  1080091    6.76%
    878   846    11085.4106  3991    10603.0000    11320.0114  1103765    6.76%
    879   847    11059.3918  4007    10603.0000    11320.0114  1107810    6.76%
    894   860    11084.4106  3992    10603.0000    11320.0114  1120319    6.76%
    895   861    11058.3918  4006    10603.0000    11320.0114  1124453    6.76%
    911   873    11057.3918  4008    10603.0000    11320.0114  1141711    6.76%
    927   885    11056.3918  4008    10603.0000    11320.0114  1164880    6.76%
    943   897    11055.3918  4006    10603.0000    11320.0114  1190451    6.76%
    967   917    11053.3918  4009    10603.0000    11320.0114  1221828    6.76%
Elapsed time = 360.15 sec. (122653.97 ticks, tree = 5.22 MB, solutions = 12)
    983   929    11052.3918  4007    10603.0000    11320.0114  1241387    6.76%
    999   941    11051.3918  4007    10603.0000    11320.0114  1261352    6.76%
   1061   985    11155.3931  4234    10603.0000    11320.0114  1340970    6.76%
   1120  1028    11154.3931  4233    10603.0000    11320.0114  1392742    6.76%
   1136  1040    11153.3931  4231    10603.0000    11320.0114  1419083    6.76%
   1152  1052    11152.3931  4232    10603.0000    11320.0114  1437184    6.76%
   1168  1068    11151.3931  4235    10603.0000    11320.0114  1456930    6.76%
   1184  1080    11290.5982  4243    10603.0000    11320.0114  1473668    6.76%
   1192  1084    11149.3931  4233    10603.0000    11320.0114  1487061    6.76%
   1216  1104    11147.3931  4232    10603.0000    11320.0114  1512759    6.76%
Elapsed time = 437.91 sec. (142807.54 ticks, tree = 5.74 MB, solutions = 12)
   1232  1116    11146.3931  4232    10603.0000    11320.0114  1536814    6.76%
   1256  1138    11144.3931  4234    10603.0000    11320.0114  1566818    6.76%
   1516  1264    11143.3931  4231    10603.0000    11320.0114  1738946    6.76%
   1544  1288    11029.4613  4002    10603.0000    11320.0114  1762966    6.76%
   1568  1309    11027.4613  4000    10603.0000    11320.0114  1776901    6.76%
   1584  1321    11026.4613  3999    10603.0000    11320.0114  1788085    6.76%
   1600  1335    11025.4613  3999    10603.0000    11320.0114  1795957    6.76%
   1616  1351    11172.5119  3410    10603.0000    11320.0114  1807861    6.76%
   1632  1363    11171.5119  3411    10603.0000    11320.0114  1816413    6.76%
   1668  1391    11230.1061  3661    10603.0000    11320.0114  1829077    6.76%
Elapsed time = 511.35 sec. (162988.47 ticks, tree = 6.66 MB, solutions = 12)
   1684  1405    11224.1061  3660    10603.0000    11320.0114  1834290    6.76%
   1708  1423    11214.1061  3662    10603.0000    11320.0114  1843141    6.76%
   1740  1447    11202.1061  3660    10603.0000    11320.0114  1856469    6.76%
   1756  1459    11201.1061  3660    10603.0000    11320.0114  1862212    6.76%
   1772  1471    11191.1607  3659    10603.0000    11320.0114  1869655    6.76%
   2067  1704    11138.9984  3296    10603.0000    11320.0114  2017297    6.76%
   2092  1727    11168.3980  4152    10603.0000    11320.0114  2044715    6.76%
   2287  1920    11167.1449  4150    10603.0000    11320.0114  2128061    6.76%
   2314  1947    11162.7302  3716    10603.0000    11320.0114  2140583    6.76%
   2327  1958    11163.2782  4147    10603.0000    11320.0114  2148258    6.76%
Elapsed time = 551.71 sec. (176639.87 ticks, tree = 10.02 MB, solutions = 12)
   2351  1982    11161.2782  4147    10603.0000    11320.0114  2160695    6.76%
   2375  2006    11213.1369  3351    10603.0000    11320.0114  2173231    6.76%
   2391  2020    11234.6731  3367    10603.0000    11320.0114  2184593    6.76%
   2418  2045    11154.7302  3716    10603.0000    11320.0114  2200484    6.76%
   2426  2053    11262.9639  3745    10603.0000    11320.0114  2202231    6.76%
   2434  2059    11153.7302  3717    10603.0000    11320.0114  2214312    6.76%
   2450  2071    11152.7302  3716    10603.0000    11320.0114  2227460    6.76%
   2463  2082    11152.7376  4150    10603.0000    11320.0114  2235939    6.76%
   2482  2095    11150.7302  3716    10603.0000    11320.0114  2250493    6.76%
   2527  2126    11147.7376  4150    10603.0000    11320.0114  2289958    6.76%
Elapsed time = 620.09 sec. (196022.36 ticks, tree = 10.17 MB, solutions = 12)
   3379  2548    11146.2877  4152    10603.0000    11320.0114  2620337    6.76%
   3483  2643    11045.1741  3872    10603.0000    11320.0114  2668703    6.76%
   3548  2696    11096.5129  3705    10603.0000    11320.0114  2714396    6.76%
*  3607+ 2749                        10624.0000    11320.0114  2742682    6.55%
   3628  2766    11086.5129  3704    10624.0000    11320.0114  2753816    6.55%
   3692  2820    11082.5129  3705    10624.0000    11320.0114  2792088    6.55%
   3756  2865    11075.5129  3703    10624.0000    11320.0114  2831545    6.55%
   3821  2910    11098.9803  4115    10624.0000    11320.0114  2877720    6.55%
   5754  3515    11069.4328  3530    10624.0000    11317.0017  3130985    6.52%
   5818  3571    11065.4328  3529    10624.0000    11317.0017  3164323    6.52%
   5882  3627    11058.4328  3531    10624.0000    11317.0017  3198665    6.52%
Elapsed time = 774.70 sec. (238341.97 ticks, tree = 17.41 MB, solutions = 12)
   5917  3658    11082.7646  4042    10624.0000    11317.0017  3222282    6.52%
   5981  3714    11126.6349  3549    10624.0000    11317.0017  3258564    6.52%
   6021  3750    11104.7352  4074    10624.0000    11317.0017  3282575    6.52%
   6827  4522    11257.3425  3485    10624.0000    11317.0017  3559099    6.52%
   6896  4591    11033.9592  3465    10624.0000    11317.0017  3594480    6.52%
   6944  4639    11030.9592  3466    10624.0000    11317.0017  3616853    6.52%
   7008  4702    11026.9592  3464    10624.0000    11317.0017  3662037    6.52%
   7080  4768        cutoff          10624.0000    11317.0017  3706926    6.52%
   7112  4796        cutoff          10624.0000    11317.0017  3726040    6.52%
   7176  4850    11217.1860  3920    10624.0000    11317.0017  3776558    6.52%
Elapsed time = 966.48 sec. (287527.70 ticks, tree = 23.85 MB, solutions = 13)
   8248  5850    11120.1196  3578    10624.0000    11317.0017  4109938    6.52%
   8332  5930    11016.0839  4209    10624.0000    11317.0017  4150881    6.52%
   8396  5994    11012.0839  4208    10624.0000    11317.0017  4180570    6.52%
   8452  6048    11008.4665  4206    10624.0000    11317.0017  4219582    6.52%
   8507  6103    11017.8393  3953    10624.0000    11317.0017  4242975    6.52%
   8539  6133    11015.8393  3952    10624.0000    11317.0017  4259543    6.52%
   8587  6181    11013.2259  3953    10624.0000    11317.0017  4283722    6.52%
   8659  6253    11039.4412  3960    10624.0000    11317.0017  4311742    6.52%
   8763  6343    11216.4695  3644    10624.0000    11317.0017  4354766    6.52%
  11576  8838    11192.4247  3552    10624.0000    11313.3592  4771687    6.49%
Elapsed time = 1154.58 sec. (336298.49 ticks, tree = 47.86 MB, solutions = 13)
  11720  8968    11108.5352  3224    10624.0000    11313.3592  4835808    6.49%
  11808  9045    10661.4906  3684    10624.0000    11313.3592  4884473    6.49%
  11896  9116    11130.8634  3030    10624.0000    11313.3592  4913081    6.49%
* 11926+ 9132                        10699.0000    11313.3592  4927199    5.74%
  11984  9177    11077.9140  3072    10699.0000    11313.3592  4950039    5.74%
  12080  9253    11067.7542  3090    10699.0000    11313.3592  4976558    5.74%
  12232  9367    10978.5197  3716    10699.0000    11313.3592  5006400    5.74%
  12344  9459    10958.1345  4243    10699.0000    11313.3592  5037915    5.74%
  13286 10211    11044.9058  3027    10699.0000    11313.3592  5196461    5.74%
  14605 10929    10877.5857  3349    10699.0000    11311.6664  5385905    5.73%
  14620 10944    11202.4619  4196    10699.0000    11311.6664  5412715    5.73%
Elapsed time = 1308.60 sec. (377545.74 ticks, tree = 61.46 MB, solutions = 13)
  14644 10968    11246.0368  3940    10699.0000    11311.6664  5424940    5.73%
  14788 11098    11099.8424  3065    10699.0000    11311.6664  5466633    5.73%
  14965 11273    11015.1309  2476    10699.0000    11311.6664  5525414    5.73%
  15037 11343    10975.4615  3418    10699.0000    11311.6664  5546096    5.73%
  15125 11425    10881.3285  2978    10699.0000    11311.6664  5566131    5.73%
  16165 12336    10889.8736  4517    10699.0000    11311.6664  5709186    5.73%
  17361 13229    10976.0229  4426    10699.0000    11311.6664  5849841    5.73%
  17385 13251    11055.5081  3679    10699.0000    11311.6664  5870462    5.73%
  17540 13399    10876.8394  4491    10699.0000    11311.6664  5949670    5.73%
  17572 13428    10874.8394  4491    10699.0000    11311.6664  5963465    5.73%
Elapsed time = 1488.79 sec. (422483.11 ticks, tree = 77.53 MB, solutions = 14)
  17604 13456    10872.8394  4494    10699.0000    11311.6664  5977111    5.73%
  17700 13543    10862.6392  4335    10699.0000    11311.6664  6023262    5.73%
  17915 13736    10809.0859  3432    10699.0000    11311.6664  6120568    5.73%
  19318 15111    10853.3972  4499    10699.0000    11303.7307  6323117    5.65%
  19374 15167    10848.4339  4496    10699.0000    11303.7307  6353759    5.65%
  19430 15219    10844.9672  4490    10699.0000    11303.7307  6377704    5.65%
  19486 15267    10840.0046  4492    10699.0000    11303.7307  6400036    5.65%
  19566 15339    10805.9911  4439    10699.0000    11303.7307  6434784    5.65%
  19646 15407    10876.2700  2821    10699.0000    11303.7307  6467704    5.65%
  21257 16893    10947.6427  3580    10699.0000    11303.7307  6722444    5.65%
Elapsed time = 1657.92 sec. (466887.57 ticks, tree = 90.86 MB, solutions = 14)
  21503 17133    10726.6329  3743    10699.0000    11301.6209  6770880    5.63%
  21546 17172    10762.7185  4407    10699.0000    11301.6209  6794919    5.63%
  21610 17234    10758.4185  4579    10699.0000    11301.6209  6829524    5.63%
  21690 17300    10751.4728  4573    10699.0000    11301.6209  6867158    5.63%
  21746 17344    10747.4865  4576    10699.0000    11301.6209  6903133    5.63%
  21826 17418    10723.3781  4603    10699.0000    11301.6209  6953762    5.63%
  23410 18942    10827.1521  3371    10699.0000    11300.7707  7177243    5.62%
  23443 18967        cutoff          10699.0000    11300.7707  7196732    5.62%
  23475 18999    10840.7736  4396    10699.0000    11300.7707  7213705    5.62%
  23507 19031    10908.6236  4295    10699.0000    11300.7707  7230118    5.62%
Elapsed time = 1860.16 sec. (516057.04 ticks, tree = 115.47 MB, solutions = 14)
  23555 19071    10834.7736  4396    10699.0000    11300.7707  7255457    5.62%
  23961 19390        cutoff          10699.0000    11300.7707  7398448    5.62%
  25936 21163    10825.0031  3621    10699.0000    11300.7707  7590495    5.62%
  25975 21200    10897.7269  4301    10699.0000    11300.7707  7615665    5.62%
  26015 21234    10894.7269  4302    10699.0000    11300.7707  7633364    5.62%
  26047 21260    10822.3472  4386    10699.0000    11300.7707  7650086    5.62%
  26079 21282    10820.3472  4386    10699.0000    11300.7707  7670615    5.62%
  27073 22167    11013.4610  4006    10699.0000    11300.7707  7896549    5.62%
  27975 23008    11072.4858  3666    10699.0000    11300.7707  8027919    5.62%
  28095 23114        cutoff          10699.0000    11300.7707  8059275    5.62%
Elapsed time = 2071.73 sec. (567967.30 ticks, tree = 142.48 MB, solutions = 14)
Nodefile size = 12.95 MB (7.33 MB after compression)
  28239 23236    10930.6143  3057    10699.0000    11300.7707  8097259    5.62%
  28383 23362    10785.8534  3593    10699.0000    11300.7707  8138699    5.62%
  28497 23452    10750.3848  4112    10699.0000    11300.7707  8169716    5.62%
  28585 23525    10789.1287  4186    10699.0000    11300.7707  8197764    5.62%
  30268 25056    10816.8748  3097    10699.0000    11300.7707  8401628    5.62%
  30539 25325    11140.3995  3739    10699.0000    11300.7707  8432396    5.62%
  30683 25431    11063.4072  2995    10699.0000    11300.7707  8477178    5.62%
  30803 25517    10934.1068  3601    10699.0000    11300.7707  8516293    5.62%
  30871 25577    10893.8854  4021    10699.0000    11300.7707  8550734    5.62%
  30903 25605    10720.7572  3571    10699.0000    11300.7707  8566040    5.62%
Elapsed time = 2235.72 sec. (612482.39 ticks, tree = 157.94 MB, solutions = 14)
Nodefile size = 28.89 MB (16.71 MB after compression)
  30943 25637    10889.5019  4021    10699.0000    11300.7707  8585807    5.62%
  33156 27711    10888.3931  4015    10699.0000    11296.0816  8801690    5.58%
  33212 27758    10884.6314  4162    10699.0000    11296.0816  8816805    5.58%
  33244 27786    10882.6314  4163    10699.0000    11296.0816  8828698    5.58%
  33284 27824    10879.5980  4012    10699.0000    11296.0816  8843393    5.58%
  33316 27852    10877.6423  4160    10699.0000    11296.0816  8854630    5.58%
  36203 30499    11158.6925  4213    10699.0000    11295.1621  9134804    5.57%
  36243 30538    11005.3736  2665    10699.0000    11295.1621  9165041    5.57%
  36295 30586    10839.1961  4009    10699.0000    11295.1621  9197294    5.57%
  36335 30620    10837.0637  4175    10699.0000    11295.1621  9219076    5.57%
Elapsed time = 2433.77 sec. (662344.05 ticks, tree = 192.77 MB, solutions = 14)
Nodefile size = 62.78 MB (35.26 MB after compression)
  36375 30651    11008.9075  3883    10699.0000    11295.1621  9237390    5.57%
  36423 30689    10832.1228  4007    10699.0000    11295.1621  9258417    5.57%
  38118 32119    11139.5559  3721    10699.0000    11295.1621  9503157    5.57%
  38163 32160    10826.8751  4010    10699.0000    11295.1621  9527071    5.57%
  38203 32196        cutoff          10699.0000    11295.1621  9542560    5.57%
  38259 32240    11085.9091  2050    10699.0000    11295.1621  9565335    5.57%
  38291 32268    11132.6700  3482    10699.0000    11295.1621  9581648    5.57%
  38339 32310    11007.0164  2248    10699.0000    11295.1621  9601192    5.57%
  39821 33605    11087.8119  3793    10699.0000    11293.9522  9861985    5.56%
  39992 33742    10866.9385  1909    10699.0000    11293.9522  9915604    5.56%
Elapsed time = 2608.02 sec. (708141.04 ticks, tree = 213.25 MB, solutions = 14)
Nodefile size = 84.71 MB (45.57 MB after compression)
  40080 33823    10880.8499  3730    10699.0000    11293.9522  9935094    5.56%
  40192 33914    11018.7423  3235    10699.0000    11293.9522  9959768    5.56%
  40288 33986    10786.3550  3882    10699.0000    11293.9522  9990017    5.56%
  41667 35323    11127.1655  4207    10699.0000    11292.6838 10166849    5.55%
  41757 35403    10841.8184  1886    10699.0000    11292.6838 10210142    5.55%
  41792 35432    10871.7138  4130    10699.0000    11292.6838 10222028    5.55%
  41848 35479    10867.7138  4130    10699.0000    11292.6838 10239746    5.55%
  41920 35541    10862.7138  4130    10699.0000    11292.6838 10260675    5.55%
  41984 35597    10858.9340  4128    10699.0000    11292.6838 10278159    5.55%
  43932 37485    10951.0218  4463    10699.0000    11292.6838 10505639    5.55%
Elapsed time = 2781.39 sec. (753809.46 ticks, tree = 225.08 MB, solutions = 14)
Nodefile size = 95.66 MB (51.29 MB after compression)
  43989 37534    11059.7339  4214    10699.0000    11291.5624 10540460    5.54%
  44060 37603    10841.9485  4000    10699.0000    11291.5624 10575032    5.54%
  44108 37647    10838.9485  3999    10699.0000    11291.5624 10604840    5.54%
  44164 37697    10743.8023  3992    10699.0000    11291.5624 10629748    5.54%
  44204 37735    10804.5853  4218    10699.0000    11291.5624 10649665    5.54%
  45257 38650    11091.6802  3242    10699.0000    11291.5624 10864602    5.54%
  45326 38707    10828.5508  3994    10699.0000    11291.5624 10895773    5.54%
  45382 38745    10857.8258  3801    10699.0000    11291.5624 10917171    5.54%
  45430 38784    10833.0063  4000    10699.0000    11291.5624 10937685    5.54%
  45486 38826    10816.5811  3915    10699.0000    11291.5624 10959801    5.54%
Elapsed time = 2980.92 sec. (800288.97 ticks, tree = 247.90 MB, solutions = 14)
Nodefile size = 118.59 MB (60.69 MB after compression)
  45542 38875    10898.9869  3605    10699.0000    11291.5624 10998691    5.54%
  47368 40606    11046.0237  3377    10699.0000    11290.0345 11199606    5.52%
  47443 40681    10832.2811  3162    10699.0000    11290.0345 11230083    5.52%
  47523 40757    11033.0536  2768    10699.0000    11290.0345 11248917    5.52%
  47579 40808    10820.2001  2894    10699.0000    11290.0345 11271330    5.52%
  47635 40858    10899.3092  2494    10699.0000    11290.0345 11285528    5.52%
  47755 40966    10971.8127  3255    10699.0000    11290.0345 11304562    5.52%
  49904 43057    11112.6963  3579    10699.0000    11288.7672 11527134    5.51%
  50042 43183    11090.7476  3397    10699.0000    11288.7672 11570509    5.51%
  50141 43268    10902.0032  2918    10699.0000    11288.7672 11598133    5.51%
Elapsed time = 3147.88 sec. (843499.65 ticks, tree = 278.21 MB, solutions = 14)
Nodefile size = 149.49 MB (73.99 MB after compression)
  50229 43346        cutoff          10699.0000    11288.7672 11622647    5.51%
  50309 43422    10968.3191  2047    10699.0000    11288.7672 11639236    5.51%
  50373 43475    10928.2073  1647    10699.0000    11288.7672 11659444    5.51%
  51886 44774    10844.0132  1880    10699.0000    11288.7672 11854796    5.51%
  51993 44858    11007.6745  3567    10699.0000    11288.7672 11891957    5.51%
  52019 44884    11104.3332  3555    10699.0000    11288.7672 11920747    5.51%
  52185 45036    10848.7252  3521    10699.0000    11288.7672 11978936    5.51%
  52281 45116    10838.5440  3530    10699.0000    11288.7672 12000967    5.51%
  52337 45158    10702.6065  3602    10699.0000    11288.7672 12014131    5.51%
  54157 46526    11042.9076  3941    10699.0000    11287.1657 12190590    5.50%
Elapsed time = 3315.97 sec. (886244.49 ticks, tree = 302.24 MB, solutions = 14)
Nodefile size = 173.41 MB (81.33 MB after compression)
  54220 46585    10810.4691  3524    10699.0000    11287.1657 12219494    5.50%
  54261 46622    11162.0964  4809    10699.0000    11287.1657 12241143    5.50%
  54293 46648    11067.8736  4019    10699.0000    11287.1657 12254465    5.50%
  54689 46984    10716.8323  3623    10699.0000    11287.1657 12315289    5.50%
  55028 47302    11142.9264  4232    10699.0000    11287.1657 12340830    5.50%
  56189 48447    11066.2557  3473    10699.0000    11286.5672 12459842    5.49%
  56375 48620    11034.8846  2917    10699.0000    11286.5672 12487048    5.49%
  56696 48911    11128.1239  3430    10699.0000    11286.5672 12515849    5.49%
  56969 49184    10996.0419  3457    10699.0000    11286.5672 12526613    5.49%
  57806 50016    11167.5362  4328    10699.0000    11286.5672 12581676    5.49%
Elapsed time = 3477.18 sec. (935361.88 ticks, tree = 317.67 MB, solutions = 14)
Nodefile size = 186.37 MB (85.23 MB after compression)
  58851 51061    11107.1237  3634    10699.0000    11284.0820 12665157    5.47%
  58875 51085    10963.2593  3131    10699.0000    11284.0820 12682778    5.47%
  59007 51212    11054.1035  3531    10699.0000    11284.0820 12708718    5.47%
  59195 51392    10823.5786  3057    10699.0000    11284.0820 12744587    5.47%
  59334 51519    10963.0735  2458    10699.0000    11284.0820 12764079    5.47%
  60604 52695    11028.7351  3937    10699.0000    11284.0820 12890925    5.47%
  60700 52784    10990.9736  3898    10699.0000    11284.0820 12939400    5.47%

Clique cuts applied:  524
Cover cuts applied:  7758
Implied bound cuts applied:  3382
Zero-half cuts applied:  428
Gomory fractional cuts applied:  31

Root node processing (before b&c):
  Real time             =   21.44 sec. (26282.09 ticks)
Parallel b&c, 8 threads:
  Real time             = 3578.80 sec. (944426.89 ticks)
  Sync time (average)   =    0.02 sec.
  Wait time (average)   =    0.00 sec.
                          ------------
Total (root+branch&cut) = 3600.25 sec. (970708.98 ticks)

 ===================================================== 
 Model has 13579 rows and 13622 columns
 Objective   :         10699.0000
 UB          :         12624.8030
 LP gap      :            17.9998 (%)
 Status      :           Feasible
 GAP         :             5.4686 (%)
 Time        :           27714.05
 Iterations  :           12986152
 # B&B nodes :              60949
 # nodes left:              52998

 Solution includes 13 access points 
 ===================================================== 
solution:	5 6 8 10 14 16 20 24 25 26 27 31 35 
 ===================================================== 
coverage:	10699

 ===================================================== 
